64 5
TGG 0.11766721 -0.48334292 0.398029 -0.48471546 -0.19122969
GGG -0.1134712 -0.83172125 0.35473177 -0.2620578 -0.18966243
AGG -0.028710851 -0.6251688 0.589604 0.009841828 0.22262187
CTG 0.34089917 -0.69790465 0.15719883 -0.40076485 -0.09049888
CAG 0.16772974 -0.7634993 0.18912779 -0.07572051 0.36896938
GAG -0.11731192 -0.69342935 0.75024146 0.08432503 0.056053616
GGC 0.004498511 -1.0763588 0.16984604 -0.1759514 -0.13728224
CCA 0.31527233 -0.69734156 -0.09418626 -0.17642538 0.6592425
GTG -0.3010483 -0.5373828 0.48188436 -0.5297243 -0.32757077
GGA -0.12189655 -0.62639266 0.7209954 0.07013936 0.16464412
GCC 0.19965355 -1.1226468 -0.08366209 -0.17606369 0.11162428
CCT 0.56222296 -0.67813164 -0.2063966 -0.5527469 0.17537199
GCT 0.3347202 -0.7702017 0.18900062 -0.3911587 -0.21034673
CCC 0.37084338 -1.067419 -0.3417928 -0.28093243 0.3499434
CGG -0.32611203 -1.1238244 -0.08430729 -0.32673895 0.030542275
AGC 0.16281134 -0.8866943 0.27927193 0.032999963 0.26653734
CTC 0.59236205 -0.68999493 -0.35903916 -0.62271744 0.25974357
TCC 0.4971912 -0.6066779 -0.28470588 -0.64555913 0.24328335
GCA 0.03386313 -0.77899355 0.25670424 -0.067390524 0.31153005
TGC 0.25798932 -0.7389264 0.10481137 -0.43451262 -0.10263324
AAG 0.14378981 -0.39311045 0.8544676 0.20972537 0.5462723
AGA -0.06262116 -0.43910843 0.8090304 0.20405054 0.57186717
GGT -0.2546897 -0.48106238 0.38628772 -0.59918845 -0.2649074
TCT 0.5673983 -0.21547537 -0.07083472 -0.91718924 0.06938446
CAC 0.043078918 -0.68383914 -0.28364855 -0.31063974 0.8216282
TGA 0.08724163 -0.28398883 0.6242537 -0.2354218 0.20774966
ATG -0.013518723 -0.16260308 0.5572314 -0.3603804 0.30662325
GAA 0.12634918 -0.32409585 0.90079904 0.18796359 0.55145943
TCA 0.3488719 -0.2738057 0.028568558 -0.49522868 0.55817926
TGT -0.017450513 -0.18976156 0.3523628 -0.84191084 -0.2231222
CCG -0.17834793 -1.2044139 -0.2430879 -0.36615598 0.05380643
TTG 0.4957386 -0.13810237 0.48586628 -0.70731455 -0.22581868
CTT 0.8206383 -0.23704994 0.04697968 -0.7977921 0.016284235
ACA -0.11315186 -0.4014268 0.1990211 -0.09112031 1.0074285
ACC 0.1219304 -0.6625787 -0.16878338 -0.24363539 0.7840536
TTC 0.77511007 -0.18224522 -0.020408887 -0.848786 0.12992205
GCG -0.47765824 -1.3759966 0.09767666 -0.18146232 -0.21129411
GAC -0.23001371 -0.62460333 0.1555676 -0.14882424 0.60815775
CAT 0.26524642 -0.18730542 0.037478525 -0.53450817 0.63621235
GTC -0.0062406384 -0.56108326 -0.024791634 -0.68300664 -0.0164664
GAT -0.040058076 -0.15694125 0.56944865 -0.39152363 0.26235998
CAA 0.4064994 -0.33934838 0.40432638 0.049609885 0.903248
AGT -0.15158927 -0.21714851 0.48399442 -0.46195677 0.17750113
ACT 0.1925379 -0.2500599 0.011981488 -0.5502534 0.56938547
ATC 0.2504279 -0.19380982 0.021895524 -0.53570455 0.6480529
CGC -0.18887423 -1.4056442 -0.32790565 -0.30308804 0.055610653
TTT 0.9074388 0.20683227 0.4477296 -0.9504319 -0.03297079
AAA 0.43321514 -0.014180553 0.89797854 0.17598565 1.0775838
GTT 0.20853007 -0.073560834 0.44638017 -0.84640795 -0.23671038
TCG -0.17068695 -0.70232856 -0.22523345 -0.7585603 0.022579152
AAC 0.16393007 -0.32408437 0.21736057 -0.09309368 1.0280133
ACG -0.5872056 -0.8036491 -0.03784014 -0.27071747 0.5686653
CGT -0.47698256 -0.7348432 -0.13783027 -0.76441413 -0.05974606
AAT 0.38724935 0.20146361 0.6681421 -0.3260716 0.8001562
CGA -0.4106125 -0.84799314 0.17864214 -0.12884934 0.37487513
ATT 0.554346 0.32328847 0.53925776 -0.7113184 0.4464958
GTA -0.669678 -0.027019411 0.3766428 -0.7367867 0.36082068
TAG -0.45601988 -0.012560035 0.4949659 -0.6244218 0.3387685
TAC -0.36664876 -0.0384389 -0.07990017 -0.7990056 0.8252437
CTA -0.11841085 -0.040906757 -0.03078199 -0.72361076 0.786032
ATA -0.19705707 0.32622865 0.550268 -0.577589 0.9047444
TAT -0.030123943 0.39980048 0.3544763 -0.95547044 0.6105425
TAA 0.091313906 0.3484506 0.6598452 -0.49500364 0.8750904
TTA 0.23048085 0.44431832 0.45782194 -0.90646666 0.5767576
