1024 5
GCTGG -0.067860655 -0.3201256 0.84471446 -0.7656227 -0.30806637
CCTGG -0.0076171635 -0.68205076 0.33083066 -0.7304129 -0.80084616
CCAGG 1.0676482 0.064593896 -0.16742182 -0.49292514 -0.67884
CTGGG -0.05096153 -0.5233576 0.67361706 -0.56197494 -0.5660143
GGAGG 0.4747907 0.22609492 0.8001005 -0.94845206 0.42230672
GCAGG 1.0601202 0.5604894 0.36767823 -0.5852777 -0.2956171
CAGGG 1.1194944 0.34696636 0.12456364 -0.40118417 -0.4572583
GGTGG 0.43325108 0.12326684 1.4010258 -0.11021163 -0.075163506
TGGGG 0.053724725 -0.2929364 1.0930353 -0.31592372 -0.2787429
GGCTG -0.0633393 -0.22839423 0.97183996 -0.74934244 -0.4686919
TCTGG 0.1566157 -0.8942875 0.71410155 0.060872603 -0.6059282
AGGAG 0.89006746 0.2859951 0.48475352 -0.92583144 0.72244334
TGTGG 0.056215487 -0.6267895 1.2968545 0.07748531 -0.20287685
TGCTG -0.3631382 -0.9307286 0.9116956 -0.64206046 -0.36201456
AGAGG 1.1372873 0.2900042 0.32995123 -0.7437309 0.74489695
CCCAG 1.1385536 0.05877323 -0.3874549 -0.7485672 -0.7743256
GTGGG 0.3648945 0.06215046 1.3272907 -0.09467144 -0.29931632
AGCTG 0.29591092 -0.20374589 0.4253241 -0.7542899 -0.046315927
TGAGG 0.14411543 -0.48565075 0.8527502 -0.5593595 0.52559245
TGGAG 0.15442403 -0.26836348 0.894197 -0.6218634 0.37364003
GGGGG 0.3411262 0.25188184 1.0877999 -0.5214804 -0.45768458
GAGGG 0.5534345 0.27993146 0.7191788 -0.86646366 0.30779156
AGCAG 1.5706651 0.640192 0.015224435 -0.5472207 -0.015621808
GAAGG 0.7483024 0.0015258967 0.4809501 -0.7979657 0.8312879
GCAGC 1.1845464 0.5293598 0.06825128 -0.67784816 -0.63373846
TCCTG 0.13727795 -0.9473457 0.4631033 -0.14313506 -0.9604911
TCCAG 1.228979 -0.2207645 -0.09203927 0.09938629 -0.7949653
GGCAG 1.106425 0.635188 0.4563686 -0.5227359 -0.29816207
CCCTG -0.03992462 -0.74280447 0.16567038 -0.99410933 -0.9777462
CAGCA 1.6782002 0.33444062 -0.3328643 -0.38342363 -0.37477028
TCAGG 1.1766 -0.12807943 0.2546429 0.31435314 -0.5270286
GCTGC -0.12414894 -0.4867571 0.52948964 -0.982078 -0.7776552
GAGGA 0.54722965 -0.05334913 0.5782742 -1.1892724 0.9861661
TGCAG 0.64982593 -0.02265357 0.35091367 -0.37773794 -0.3060274
AGGGG 0.8609864 0.4063892 0.5413673 -0.50113314 0.06355884
GATGG 0.22430438 -0.48238394 0.8833728 -0.5312098 0.66631246
CCAGC 1.2154762 0.05004158 -0.40675375 -0.6854533 -0.9762235
GCCTG -0.08478197 -0.49435633 0.47191513 -0.92760617 -0.73468983
TGGTG 0.19015305 -0.362378 1.359075 0.029267516 -0.06692026
GGGCC 0.4396384 0.15997657 0.38229644 -0.98458964 -1.0342762
GCCAG 1.0289267 0.30320248 -0.012885245 -0.67436886 -0.57712954
ACAGG 1.2025547 -0.0053900266 -0.2098016 -0.6202509 0.26171684
CTGGA -0.05937109 -0.67617524 0.47267595 -0.87048197 0.13172293
CTGTG -0.12983125 -0.8074406 1.0007219 -0.21503775 -0.47618017
CAGGA 0.96392345 0.10401408 0.03695387 -0.7346371 0.2941685
GGGGC 0.36908254 0.2924831 0.842946 -0.7539461 -0.83683866
CAGCC 1.1534911 0.090237655 -0.4016779 -0.8214427 -1.0214139
GGCGG 0.5272181 0.64133734 0.90794945 -1.126909 -0.7182426
CTTGG -0.098892644 -1.094977 0.7046585 -0.20506051 -0.4232779
CAGCT 0.71647304 -0.21529314 0.054240383 -0.36741844 -0.709703
CATGG 0.847594 -0.36964184 0.18378831 -0.0058164075 -0.17967588
CTGCT -0.36612615 -1.1689106 0.59562796 -0.7228708 -0.88748276
GGCCC 0.47708 -0.028855463 0.059171524 -1.1011753 -1.116621
CAGAG 1.2557392 0.27686837 -0.011346475 -0.6112189 0.24725205
CTCCT 0.23786029 -1.2138128 0.1851469 -0.23003308 -1.4950576
GGAAG 0.7874208 0.090617426 0.5249152 -0.8244509 0.8306447
ACTGG 0.07169614 -0.98505306 0.12802942 -0.7882492 0.041835684
GGAGC 0.4952275 0.20717683 0.3745225 -1.09975 -0.038757667
CCGGG 0.4620821 0.18386203 0.3604356 -1.0319386 -1.233672
GGGAG 0.4873296 0.27844286 0.7390126 -0.91806257 0.2526567
CCCGG 0.5693382 0.04375295 -0.01352554 -1.2098132 -1.3776124
CTGAG -0.015548213 -0.60551214 0.5427714 -0.867495 0.20057835
AGAAG 1.220158 0.03495756 0.22159621 -0.77629185 1.1236889
CTGCA 0.41397104 -0.4320768 0.11095282 -0.5539574 -0.54837424
CACAG 1.4905761 0.037998237 -0.5032535 -0.5738969 -0.21682605
CTCTG -0.024132907 -1.0582579 0.5420739 -0.23924315 -0.9272008
CCTGC -0.03017644 -0.80683047 0.17443137 -0.9329937 -1.1326342
AGTGG 0.9813959 0.2010358 0.85374594 0.08478696 0.2547151
CCTCC 0.6200943 -0.92722195 -0.23732017 -0.44973454 -1.6589808
CAAGG 1.2711499 -0.012848858 -0.20905828 -0.46708146 0.18523541
CTCCA 1.0391042 -0.6381255 -0.39563262 -0.2174824 -1.0396321
CGGGG 0.40260482 0.37702876 0.76403826 -0.9370245 -1.0118713
CTGGC 0.033262167 -0.48730358 0.44028383 -0.7232559 -0.8040351
CTCAG 1.0608 -0.25236323 -0.028529715 0.006996599 -0.8008353
GGGCT 0.016945517 -0.22523415 0.9033223 -0.5384601 -0.738082
GCCGG 0.49389783 0.3802207 0.46947196 -1.2488496 -1.148989
CAGGC 1.0163223 0.2863727 0.012858255 -0.5850714 -0.72432905
GAAGA 0.932354 -0.3468739 0.30166933 -0.97281414 1.3804764
GGCCA 0.8829395 0.10705189 -0.05970299 -0.6996852 -0.54631627
AGGTG 0.75941646 0.19205864 0.99543697 -0.09956477 0.29052562
GCGGG 0.42199945 0.56508726 0.911446 -1.2032065 -0.83215827
GCTCC 0.48496252 -0.48441783 0.10521902 -0.461849 -1.4043866
GCCCC 0.6679507 -0.19308542 -0.32317728 -1.2498136 -1.3739858
CTGCC 0.008991298 -0.81063193 0.08499032 -0.9808102 -1.1400712
TCCTC 0.75478214 -1.0555254 0.048579797 0.16719621 -1.5897717
TGGCC 0.19262902 -0.38212073 0.4092503 -0.5776493 -0.82177895
CCCCA 1.0879809 -0.31832322 -0.66047156 -0.8554192 -0.92945737
GGAGA 0.54973346 -0.2065306 0.47860825 -0.95893747 0.93001497
GGGTG 0.387454 0.13914876 1.3236715 -0.17470151 -0.22142579
TGGGC 0.16791373 -0.11872559 0.773618 -0.52050346 -0.6612172
GGCCT 0.073346704 -0.4961514 0.45131898 -0.6307689 -1.0006291
GAGGC 0.5100017 0.261417 0.48172677 -1.0276979 0.008792178
CAGTG 1.0932746 0.17741784 0.5151491 0.12539084 -0.19756676
ATGGG 0.48009434 -0.37978473 0.63977677 -0.24974006 0.41508532
TTGGG 0.03252568 -0.8837931 1.1611224 0.14281198 -0.094422564
GCCCA 0.9609161 -0.029211856 -0.3906891 -0.91329086 -0.71396965
CGTGG 0.38464895 0.12371522 0.8741625 -0.3398063 -0.8354822
ACCAG 1.1053457 -0.30749652 -0.56806225 -0.8119998 -0.15578698
CACTG 0.24321544 -0.9251683 -0.12811528 -0.7945907 -0.39084294
GAGCT 0.17093433 -0.306628 0.45291385 -0.86583924 0.040589727
GCTGA -0.09085857 -0.62617916 0.6318142 -0.9753909 0.3515834
ACCTG -0.036399797 -1.0991728 -0.049463972 -1.0549212 -0.22406068
AGCCC 0.98718464 0.04155598 -0.44530967 -1.1499882 -0.8353382
CTGGT 0.12869908 -0.588936 0.9101078 -0.015351865 -0.47425273
TGAAG 0.48416317 -0.54611117 0.5347794 -0.5378925 0.87293535
GGGCA 0.92975867 0.44383577 0.41014552 -0.48202893 -0.36711505
AGGCC 0.77541023 0.14402641 -0.019710775 -0.8708565 -0.5321991
GGCTC 0.3550699 -0.26978728 0.50563097 -0.32457903 -1.2035667
GGATG 0.12675762 -0.47093922 0.91872126 -0.62394667 0.6067837
TTCTG 0.14038137 -1.3539406 0.7180248 0.25452214 -0.48693874
CACCA 1.3165342 -0.5236504 -0.85053533 -0.7672849 -0.5148123
AGGGC 0.74692065 0.38649786 0.3591479 -0.72453576 -0.41030225
GTGGC 0.3203414 0.006393985 1.0345331 -0.20361583 -0.5819673
GAGCC 0.554306 0.047067218 -0.03953293 -1.294722 -0.29918763
CTTCT 0.23744938 -1.644739 0.38830373 0.2013231 -1.0032514
TGGCT -0.12066494 -0.7636911 0.91252756 -0.26463524 -0.5346574
CTCGG 0.4303869 -0.2906503 0.38345104 -0.31967062 -1.3396543
GGCCG 0.44748273 0.4367541 0.6099079 -1.22847 -1.1540662
CCAGA 1.0991397 -0.13789852 -0.34412307 -0.73238075 0.13606797
GCAGA 1.0735923 0.20477033 0.0676727 -0.6919664 0.30404323
AGATG 0.5938626 -0.4511601 0.5845033 -0.46011475 0.91338605
CCACC 0.8926164 -0.8095409 -0.8522459 -1.0771996 -0.9675977
GTGGA 0.29323235 -0.17845835 1.0632453 -0.41858092 0.46569777
GTTGG 0.4193247 -0.38924152 1.4463046 0.38479963 0.0723281
AAGGG 1.053052 0.11423539 0.31056902 -0.5011743 0.6589523
AAGAG 1.2456788 0.050235257 0.25659555 -0.7461221 1.111851
GGGGA 0.28570575 -0.015717402 0.6539943 -0.90102667 0.27270734
GCCCT 0.103071816 -0.57641447 0.16893479 -0.89485145 -1.112304
TCTCC 0.76611066 -0.9762322 0.068270564 0.2032247 -1.3873534
GCTGT 0.06364983 -0.5361752 1.0282748 -0.06356309 -0.57779944
AGGCT 0.38010257 -0.1755819 0.46021056 -0.49526197 -0.24440779
GAGAG 0.78001744 0.12210431 0.477017 -0.951376 0.8287673
CAGGT 1.2193558 0.21961845 0.52951217 0.30066633 -0.37413827
AGGAA 1.0696367 -0.14785464 0.2000798 -0.76069385 1.0920545
GACAG 0.87678915 -0.010301274 -0.0057633473 -0.9418345 0.4657917
CCACA 1.3402469 -0.4602733 -0.81678265 -0.72501814 -0.4281594
TGATG -0.023043262 -1.0921521 1.0110002 -0.33396626 0.6653268
TTTGG 0.13529956 -1.3866237 1.03703 0.31649283 0.13213797
CCATG 0.781719 -0.5667993 -0.09353047 -0.24878362 -0.29183114
CTCCC 0.6095759 -0.77584493 -0.23362471 -0.5276564 -1.5658612
GCGGC 0.51452446 0.5003399 0.59828246 -1.2309295 -1.0830626
CTTCC 0.44987604 -1.2215425 -0.011381053 -0.11498104 -1.235091
AAAGG 1.3696259 -0.28693897 0.03770843 -0.29644096 0.9896987
AGCCA 1.3862255 0.076801576 -0.46655533 -0.71898824 -0.151194
CGAGG 0.36349225 0.13010752 0.253687 -1.3976071 -0.11251771
CCAAG 1.2551085 -0.12156216 -0.43378094 -0.6177927 -0.034445953
TGCCC 0.2497058 -0.5991727 -0.0013380077 -0.81237453 -1.0613796
ACAGC 1.2216094 0.019199856 -0.46468976 -0.85543245 -0.18464765
GCCTC 0.44725826 -0.5576642 0.05842135 -0.50663227 -1.4227589
CCTTG -0.14415447 -1.2536441 0.51768064 -0.33851805 -0.69055814
TCAGC 1.2652378 -0.070275 -0.07080636 0.026556235 -0.84906197
CACGG 0.74395317 -0.05629272 -0.29660535 -1.0379298 -0.56721145
AGCGG 1.0056978 0.67247057 0.32314116 -0.94298595 -0.24444015
AGCTC 0.8471154 -0.240527 -0.042656034 -0.27899826 -0.8309154
CCTCA 1.0220866 -0.68500185 -0.3737996 -0.15711 -1.0042692
TCTGC 0.11427048 -0.92127717 0.46339273 -0.17828153 -0.95484877
TGCGG -0.13901475 -0.24507736 0.8752409 -0.8900193 -0.6252314
GTGGT 0.60785925 -0.082914144 1.5515684 0.4799749 -0.26870456
TGGCA 0.678402 -0.094182566 0.44295302 -0.17015933 -0.1722696
TCTTC 0.72202086 -1.434953 0.29154748 0.54308736 -1.0622978
CCCCC 0.72710663 -0.44933206 -0.57717717 -1.3148985 -1.4596478
GCCAC 0.8140473 -0.37636974 -0.5518159 -1.0469027 -0.67332214
CCTCT 0.1979189 -1.3500259 0.1675309 -0.21944413 -1.3190689
AGCCT 0.42531404 -0.44885698 0.011147022 -0.642789 -0.56685925
GGTGA 0.37813634 -0.2120991 1.0186777 -0.3468175 0.55728364
TGGGA 0.102552295 -0.45848814 0.7530796 -0.61637396 0.3631833
GAGCA 1.1383531 0.35710686 0.08968709 -0.7997867 0.29074532
GAAGC 0.75953674 0.015406674 0.118734546 -0.93259645 0.44055718
GTGTG 0.37095463 -0.21899267 1.4267889 0.20502819 -0.17238818
CCTGA -0.08398137 -1.0110556 0.11888148 -1.0050533 -0.10801515
CACCT 0.427074 -1.1500019 -0.46121824 -0.7860428 -0.80624557
GCCCG 0.50306606 0.19815393 0.14371698 -1.4242324 -1.3356944
GGGGT 0.56509125 0.18042816 1.2895845 0.119843155 -0.4436882
AGAGC 1.0385507 0.2225152 -0.0293268 -0.92083365 0.2828573
TTCCT 0.29244685 -1.528769 0.3810257 0.22054388 -0.96579534
CCTGT -0.011034783 -0.9713901 0.6435707 -0.18432368 -0.7341845
GTCTG 0.39862937 -0.46845528 1.0184003 0.33568618 -0.57409835
CCCCG 0.6584766 -0.09987413 -0.27039316 -1.3416971 -1.4994304
GGTGC 0.30992612 0.0033790779 0.9257792 -0.3097795 -0.56647956
CCTTC 0.39239913 -1.2864547 -0.032666326 -0.19275995 -1.2413963
GCTCT 0.1001143 -0.8597286 0.54258716 -0.18531127 -1.0658963
GAGAA 0.78731877 -0.40798405 0.24827358 -0.96570516 1.2338648
CAGCG 1.1691557 0.62767553 0.028102174 -0.87149984 -0.7562729
CCCAC 0.9206616 -0.62444276 -0.81115174 -1.1132808 -0.9666411
CAGAA 1.3504391 -0.234183 -0.28879648 -0.5773161 0.63094753
CGCTG -0.11039909 -0.35097343 0.54065907 -1.0382917 -0.9069896
TTCAG 1.1416776 -0.507581 0.2330462 0.50142825 -0.41450885
TCCCC 0.8582961 -0.5628962 -0.32340935 -0.4200686 -1.4230179
GGGCG 0.512124 0.66450435 0.98503727 -1.092772 -0.8845827
GTCCT 0.5272231 -0.57164747 0.5991265 0.27377874 -1.1687032
GATGA 0.22294924 -0.88004243 0.68593484 -0.7825023 1.0987325
CTTCA 0.87025446 -1.0454282 -0.06166515 0.22379589 -0.6216381
CCCCT 0.23066257 -0.9792549 -0.21301092 -0.90795237 -1.351807
GGACA 0.6555444 -0.3407336 -0.14497587 -1.007428 0.36525318
CCCTC 0.5685977 -0.8491795 -0.22405374 -0.4895078 -1.5685723
CTGCG -0.21588542 -0.43063533 0.65495336 -1.0669272 -0.9206939
GAGGT 0.62244165 0.101955436 1.0174737 -0.18235438 0.35610887
AGGAC 0.520439 -0.3410762 -0.15236495 -1.2955253 0.3596414
AGGGA 0.7896258 0.0630404 0.2532671 -0.8134355 0.53550553
TCTTG 0.16291991 -1.3356872 0.8280732 0.34631193 -0.51748276
TGCCA 0.5863764 -0.53982645 -0.08733501 -0.47131604 -0.4316211
GGTCC 0.9142815 0.04130594 0.5219875 0.18194303 -1.1298232
AATGG 0.7939136 -0.69425726 0.31531572 -0.19715178 0.8197061
TCCGG 0.56683254 -0.1952968 0.36514002 -0.19639474 -1.1660249
CATCT 0.99469477 -1.0414212 -0.06716432 0.34853697 -0.69784445
AAGGA 1.0403413 -0.18519409 0.07084972 -0.8595165 1.0645769
AAGAA 1.3644894 -0.57603514 -0.07021983 -0.716737 1.413029
GGACC 0.18323846 -0.6178473 -0.17358486 -1.3856697 -0.14841399
GCTTC 0.31610945 -0.9222268 0.3749359 0.00045358474 -0.9665153
TCCAC 0.97644347 -0.82734996 -0.5361063 -0.33750358 -0.9117963
CGGCC 0.5483126 0.122665994 0.06667451 -1.3049016 -1.4470495
TGTCC 0.6663681 -0.520497 0.49024132 0.3148729 -0.9937809
TCGGG 0.58630383 0.054414205 0.7031653 -0.079479195 -1.1530898
AGGCA 1.3151042 0.4167901 0.026530337 -0.5520305 0.06932533
GCCGC 0.565737 0.20860445 0.163292 -1.3450629 -1.5200254
GTGCT -0.018593393 -0.5563407 1.0224326 -0.19685812 -0.5436288
GCTCA 0.91075385 -0.20418303 0.031160753 -0.13523956 -0.7095297
CATCC 1.2814614 -0.629927 -0.43034276 0.017254153 -0.9854374
GGGAC 0.1695431 -0.38929808 0.1598337 -1.1738665 0.056015063
CGGGC 0.52224815 0.3996022 0.5094501 -1.1158782 -1.274175
TGCTC 0.099056214 -0.9487551 0.4650575 -0.21927293 -1.1034526
ATGAG 0.48415053 -0.55337 0.6005347 -0.47779047 0.8969092
TGAGC 0.2161623 -0.32718402 0.37918577 -0.8075859 -0.0028455865
GTCAG 1.4399747 0.25179875 0.56722695 0.50178796 -0.41230154
GACCA 0.65390766 -0.70032585 -0.49829882 -1.1266447 0.1323486
ATCTG 0.5206413 -0.99207014 0.3965646 0.19118774 -0.15283734
CAAAG 1.584852 -0.18177205 -0.2502919 -0.24304269 0.5888844
AGAGA 1.1153351 -0.1815242 0.061957415 -0.89011717 1.0948842
TGGAA 0.39399126 -0.7157672 0.46879438 -0.5447157 0.8307243
GAGTG 0.5823788 0.07756082 1.0236942 -0.25106397 0.37121373
TCCCA 1.1895026 -0.5483001 -0.41308674 -0.10160356 -0.9121742
CGCGG 0.48758972 0.42287832 0.4623384 -1.399081 -1.4419905
GGGTC 0.870525 0.14447224 0.7885062 0.26452187 -0.97127223
TCTGT 0.33610895 -1.11213 1.00336 0.5845553 -0.588085
CATCA 1.7571758 -0.5175338 -0.41458416 0.3036026 -0.39968055
CTTTG -0.093690306 -1.6183203 0.7023647 -0.027256923 -0.19994959
CCATC 1.3121419 -0.7190746 -0.4563714 0.04414232 -0.96999997
GTCCA 1.3504851 0.0071261246 0.09782285 0.2578667 -0.74786454
CACCC 0.8691426 -0.66053045 -0.7984392 -1.1376477 -0.96140707
GACTG -0.25015137 -1.0347612 0.42153132 -1.1380312 0.27931625
TTCTC 0.6945416 -1.252141 0.34724835 0.5354079 -1.1509035
GCACC 0.83429617 -0.3088159 -0.5036593 -0.9818046 -0.7142469
CGCAG 1.1450471 0.5688893 0.023280574 -0.7957619 -0.80519235
CCAGT 1.245853 -0.086969666 0.0880237 0.19794425 -0.5368497
GTGAG 0.49355048 -0.020067729 1.0155629 -0.28130263 0.37190878
TCCTT 0.29221758 -1.6043696 0.45380566 0.31420296 -1.0384592
CCACT 0.42107743 -1.274773 -0.462403 -0.74593997 -0.7138584
GTCCC 0.93901885 -0.13489233 0.16116889 -0.027859153 -1.3116243
GGTGT 0.61346674 -0.19914974 1.3531476 0.4832922 -0.20668091
GGGAA 0.5805598 -0.19090454 0.3981656 -0.72937566 0.67983514
CTCTC 0.5066298 -1.1851163 0.09520106 -0.0033664985 -1.5051062
GGCAC 0.749427 -0.008470712 -0.1150967 -0.83096755 -0.44200057
GTGCC 0.31813163 -0.19681829 0.5027942 -0.43843976 -0.8538095
TTCCA 1.0268723 -0.9384631 -0.0960979 0.29624763 -0.52437764
CTGTC 0.43383518 -0.7739091 0.5566218 0.24804556 -1.0766748
TGACC 0.0219379 -1.0728989 -0.049183767 -1.0318198 -0.057770062
TTCTT 0.4652758 -1.8824129 0.6999597 0.67578614 -0.6166186
TCACC 0.94065243 -0.8577711 -0.5106534 -0.32701167 -0.819448
CCGAG 0.4191859 0.094759464 0.11425451 -1.3857039 -0.3361659
TCCCT 0.34264952 -1.0196759 0.19894804 -0.11847092 -1.342447
GGTCA 1.2772404 0.08308534 0.46572757 0.41803637 -0.438385
CTGAA 0.20220791 -1.0300212 0.17602493 -0.77098256 0.56725407
TGGGT 0.3473613 -0.27590525 1.2136539 0.22583069 -0.33685198
CCACG 0.7205218 -0.25375423 -0.49096444 -1.2012919 -0.79657906
TGGAC -0.033657193 -0.81316066 0.20162496 -1.0529816 0.123028316
GCAGT 1.174917 0.2768686 0.5949032 0.20933099 -0.21282914
GACCT -0.1070056 -1.0885019 0.02155375 -1.1316572 -0.16172923
TGGTC 0.69725657 -0.32600963 0.91269535 0.5255761 -0.7520997
GCACA 1.2906858 0.011139665 -0.45123175 -0.7011774 -0.22514068
CGGAG 0.49589992 0.29519132 0.39606774 -1.1914806 -0.12619627
CCGCC 0.6294469 -0.16393898 -0.22622874 -1.3539189 -1.8042942
CCGGC 0.5516069 0.17776649 0.16518646 -1.2501489 -1.499622
TCTCT 0.4247516 -1.4551739 0.52067 0.4386296 -1.1053755
AGGCG 0.8180191 0.66766244 0.510221 -1.0048673 -0.30611172
ACCAC 0.86759 -0.9494223 -0.89907753 -1.1795197 -0.32839817
ACAGA 1.283993 -0.33786052 -0.44807523 -0.8268458 0.6678478
TGTTG 0.15976584 -1.0794147 1.407711 0.4312448 0.14048523
GGCGC 0.44417882 0.45218155 0.619505 -1.2664032 -1.2629896
TGCCT -0.18117182 -1.1457758 0.47016734 -0.5160264 -0.8824244
AGCAC 1.2109029 -0.058059175 -0.53066635 -0.8569204 -0.28241524
TGTGC 0.029853657 -0.5223603 0.92398775 -0.19232002 -0.64071536
CCGTG 0.3760232 -0.017639747 0.6340383 -0.4221703 -1.064027
GGCTT 0.013524456 -0.8076956 0.7849251 -0.08623996 -0.59825695
GTGAC 0.21023215 -0.54160845 0.45347446 -0.62075436 0.26617247
CGGCG 0.5002824 0.5973156 0.7135274 -1.4563038 -1.2259436
GACCC 0.24658754 -0.73597723 -0.408532 -1.480965 -0.38613817
AAGGC 0.8882648 0.13418716 0.09717314 -0.71531767 0.17381695
TCATG 0.99797726 -0.7155451 0.28280273 0.46590862 -0.23204638
GACGG 0.100974105 -0.2090354 0.2580706 -1.5594923 0.1287031
CTCTT 0.22698167 -1.6386086 0.400305 0.18717408 -0.99802756
CAAGA 1.2465246 -0.3133159 -0.34947383 -0.74963427 0.6816584
GGAGT 0.6949653 0.08997313 0.9421456 -0.062127803 0.27057835
CTCCG 0.41351137 -0.42753974 0.21710487 -0.47660005 -1.5242164
GTAGG 1.1194916 0.12106325 0.9823236 0.52026725 0.020585125
AGGAT 0.66017485 -0.37127808 0.4600807 -0.35795334 0.6465733
TGACA 0.56070805 -0.7137644 0.09327971 -0.6047851 0.61124426
AGGTC 1.2274635 0.15990517 0.429443 0.31280732 -0.53373396
ACTGC 0.017405365 -1.0008625 -0.056942716 -1.0001484 -0.40817758
TCATC 1.3979492 -0.8581287 -0.04997459 0.6356331 -0.83999115
CCTCG 0.5165319 -0.4270912 0.22793154 -0.34193763 -1.6820627
AGCCG 0.84278715 0.4436331 0.06769813 -1.1134857 -0.7080276
GTGCA 0.8197925 0.16801693 0.59399116 -0.08912606 -0.32670808
ACCTC 0.5609906 -1.1225665 -0.46535712 -0.6126166 -0.9111242
GCTTG -0.1349585 -0.80921555 0.87671834 -0.325484 -0.38509756
TGGAT 0.06998305 -0.9898612 0.845879 -0.26055604 0.510781
AGAAA 1.4415011 -0.67712444 -0.14553028 -0.57096267 1.3672991
ATGGC 0.41366807 -0.33700597 0.44256333 -0.33817387 -0.04955043
AGGGT 0.9560296 0.21866076 0.7834299 0.14217404 -0.096554905
GAAAG 1.1042793 -0.3179978 0.2082685 -0.5793673 1.147935
TTTCT 0.41542625 -1.8490325 0.6679902 0.59529865 -0.46826378
GATGC 0.05974424 -0.6318319 0.5174341 -0.7651068 0.29726276
CGGTG 0.48447022 0.24124259 0.9041435 -0.29671103 -0.57971805
AACAG 1.4018048 -0.32641113 -0.44295433 -0.6571128 0.62193257
ATTGG 0.619708 -1.0092721 0.67308986 0.34587106 0.41556364
GGTCT 0.59596103 -0.45184416 0.93109006 0.52380884 -0.8263038
CACAC 1.1356988 -0.6217428 -0.9032762 -1.0244584 -0.48930642
ATGTG 0.43524882 -0.6630245 0.9259701 0.15440431 0.40158042
ACAAG 1.302806 -0.32112047 -0.3909842 -0.763789 0.71587664
GCCTT 0.02556627 -0.99968064 0.37225848 -0.35269144 -0.8074586
AGACA 1.1567423 -0.37188125 -0.38790247 -0.91369385 0.68919915
CAGAT 0.92219955 -0.5487739 0.07179937 -0.14757669 0.39502618
TGGCG 0.0915839 0.04346064 1.0055037 -0.6905268 -0.5449217
TGTCT 0.38223657 -1.0399319 1.0025059 0.6179449 -0.7916508
GTGTC 0.8341473 -0.19931522 1.0123826 0.6562487 -0.7723511
GCAAG 1.2775947 0.24133727 0.025658451 -0.5161127 0.3188778
TTCCC 0.6140906 -0.96987695 -0.06830803 -0.03987966 -1.1395842
ATCCA 1.5306654 -0.60870826 -0.45890385 0.114921145 -0.3389852
AAGCT 0.5946412 -0.5061376 0.085163064 -0.5094243 0.29878327
GATGT 0.39740774 -0.6178622 0.97287416 0.12737851 0.3758921
GTCGG 1.0066789 0.4884144 0.9254161 0.1616616 -0.8002999
TCAGA 1.2386696 -0.32899424 -0.051388368 -0.0046862024 0.16190644
CATTG 0.69033724 -0.95258045 0.37272286 0.31188357 -0.027217418
TGTGA 0.12653476 -0.86946046 0.93292284 -0.14393885 0.40595877
GAGAC 0.4003658 -0.559984 -0.078526415 -1.351906 0.63352466
CTGAC -0.16439386 -1.2072301 -0.014510006 -1.2396542 -0.10117046
GCCAT 0.9458949 -0.40066272 -0.11597733 -0.15011282 -0.44717014
CAGAC 0.85584766 -0.4075178 -0.50430584 -1.087285 0.093751445
ATCAG 1.550014 -0.24940383 -0.070226654 0.25971156 -0.014100664
CCCGC 0.6586114 -0.08020627 -0.22198819 -1.3541502 -1.7514241
GCATC 1.2651042 -0.27167326 -0.0034579118 0.26861325 -0.713364
ACCCC 0.61918974 -0.77735406 -0.7604669 -1.3685968 -0.74717337
GGACT -0.095867015 -0.9309042 0.30197024 -0.9304049 0.086494036
TCTGA 0.09467123 -1.1448898 0.4700546 -0.26478934 0.11874536
GAAGT 1.0204568 -0.13512623 0.7588445 0.10180584 0.77437353
GCATG 0.8226533 -0.06988109 0.41009226 -0.057983197 -0.17369877
GAGAT 0.4052136 -0.61250633 0.5619241 -0.574059 0.8657398
TTGAG 0.13841659 -0.8684025 0.8629566 -0.16897672 0.46642044
AAGCC 0.9648527 -0.11978008 -0.33320412 -0.87192804 0.021401811
ACGGG 0.3385648 -0.12100646 0.06791686 -1.2412424 -0.14332154
TGAGA 0.31712875 -0.71989304 0.49092656 -0.76516354 0.92084193
ATGGA 0.46648094 -0.6781994 0.45532086 -0.5469456 0.8831582
GTCTC 0.8206604 -0.60929585 0.6111471 0.6015235 -1.2350538
TGCAC 0.40194383 -0.6182847 -0.09022263 -0.7045387 -0.4857586
GGTTG 0.37122712 -0.40440267 1.4760524 0.33973968 0.04722083
GTCAC 1.0918696 -0.3309085 -0.0042117187 0.14226401 -0.5577321
CATGA 0.72165143 -0.70142776 0.03468505 -0.37754342 0.4490258
GCGCC 0.51703507 0.23356384 0.19675149 -1.3948712 -1.4584117
TTGTG 0.09354637 -1.024843 1.370464 0.421946 -0.14632961
ACCCA 1.0597299 -0.60851574 -0.8417058 -1.0553342 -0.33126575
GTTCT 0.5446629 -0.9901213 0.85969627 0.6820303 -0.66925126
TCACA 1.4525455 -0.5516643 -0.42374063 0.053393446 -0.21965978
ATCCT 0.6743264 -1.0768734 -0.026749007 0.0855813 -0.6219729
CCCAT 1.038737 -0.67656565 -0.3966626 -0.17374739 -0.71988237
CGGCT 0.089678735 -0.19015466 0.5731472 -0.79677635 -1.1026835
TTGGA 0.06174625 -0.95527697 0.8043894 -0.27641815 0.50133544
GAGCG 0.5665904 0.45520526 0.5301015 -1.2110751 -0.12324501
GGAAA 0.9275461 -0.6024581 0.14641158 -0.54911166 1.1265787
CAATG 0.9502448 -0.6697401 0.017573034 -0.097260885 0.40413335
TCAAG 1.4060875 -0.36014366 -0.1273239 0.12587166 0.08946301
TGTCA 1.1062726 -0.4863709 0.46380937 0.64165246 -0.34641534
TCTCA 1.1864927 -0.8018074 -0.011197478 0.49757227 -0.80026805
GACAC 0.59016323 -0.7984317 -0.58736396 -1.3472561 0.20713562
TCCCG 0.6097959 -0.25166816 0.12593625 -0.40215352 -1.4025555
CTCAT 1.0571989 -0.9113781 -0.021349022 0.38723272 -0.6951461
AAGTG 1.1109432 -0.07370111 0.73243004 0.11361651 0.74659574
TCCAT 1.2064482 -0.89253443 -0.0926642 0.43409422 -0.7252085
TTTCC 0.5263847 -1.414133 0.2653578 0.3622016 -0.73429775
TGTGT 0.35238177 -0.7862054 1.3846865 0.59168744 -0.31355357
GTTCC 0.7813442 -0.5717888 0.46453062 0.4467771 -0.9122271
ACCCT 0.15159337 -1.1674238 -0.33231026 -1.0185299 -0.6183115
AGACC 0.59959924 -0.64355886 -0.48943248 -1.2959626 0.19623159
AGCTT 0.42582652 -0.7386116 0.35926804 -0.037533976 -0.26162037
GGCAT 0.8946163 -0.17447315 0.39987472 0.16499686 -0.31312123
GTGAA 0.55032545 -0.48477444 0.6766112 -0.30987388 0.82807165
GCCAA 1.086971 -0.25043646 -0.37991837 -0.66499674 0.07289756
AACTG 0.19728164 -1.3247547 -0.016005829 -0.7926835 0.4730261
AAAGA 1.4588789 -0.6265292 -0.09809437 -0.5473091 1.3997291
CGCCC 0.55657 -0.11979205 -0.21415155 -1.4978272 -1.6900867
CGCCG 0.49871108 0.261312 0.24412775 -1.4453235 -1.5877198
ACACC 0.83741146 -0.94273645 -0.87488955 -1.1615789 -0.30325437
CTTGA -0.03571933 -1.3598777 0.49046576 -0.41626206 0.24875644
GAACA 0.9508848 -0.64085305 -0.33269638 -0.86130273 0.72144306
ACTCC 0.56072336 -1.0657213 -0.4670956 -0.62683403 -0.7288601
TTGGC 0.14709415 -0.6895224 0.77300954 -0.034216497 -0.41085735
ACATG 0.8440026 -0.7171309 -0.076199405 -0.31684273 0.3950971
ATGGT 0.6278458 -0.48553193 1.0027045 0.34599343 0.32387015
ACACA 1.3788909 -0.5750648 -0.83102643 -0.91187155 0.24410178
GGAAC 0.48144326 -0.6317451 -0.106504336 -1.0414602 0.5296875
AGCAA 1.6745793 -0.0018196823 -0.30982432 -0.409231 0.5467046
TGCCG 0.04815515 -0.2714506 0.5237039 -0.86299574 -0.9744748
GCGTG 0.4104027 0.34650365 1.0701371 -0.4691015 -0.7643708
CCCAA 1.2876612 -0.48157212 -0.80221826 -0.7490655 -0.29634768
GGTTC 0.77389044 -0.4274463 0.81975937 0.6254604 -0.7466981
AAGAT 0.98536724 -0.78076774 0.26880094 -0.30547678 1.1965197
AGTCC 1.1983031 -0.025473 0.09216623 0.124576874 -0.6813119
GGACG 0.0654851 -0.16330974 0.30391845 -1.6531152 0.036650844
CACTC 0.7483872 -0.9651493 -0.47054228 -0.45232585 -0.8794601
AAGCA 1.595494 0.099535145 -0.17703238 -0.47569877 0.625032
CCCTT 0.09702811 -1.3567816 0.059125934 -0.41673386 -1.1486934
GAGTC 0.93361646 0.060622774 0.5884179 0.15551463 -0.18330733
CGGGA 0.29357824 0.05114135 0.39470282 -1.1209438 -0.16973862
TGTAG 0.94801575 -0.35006613 0.9915182 0.65298015 0.18448804
ATGAA 0.6959662 -0.95954376 0.23729996 -0.5294505 1.1670334
TATGG 0.48535544 -1.0581012 0.7563835 0.26055208 0.52019036
AGTGA 0.82962066 -0.20325844 0.5446117 -0.23811154 0.69919515
ACTTG -0.07021187 -1.4467679 0.35760236 -0.5057381 0.16098526
CCGCG 0.44815123 0.21147618 0.23253146 -1.4707959 -1.5606616
AAAAG 1.635203 -0.59372246 -0.037821446 -0.23897293 1.3113347
ACATC 1.2096924 -0.8600082 -0.4896698 -0.109874904 -0.21746239
ACCGG 0.39656582 -0.36512586 -0.19331567 -1.1655314 -0.39516994
CAGTC 1.4606396 -0.0471899 0.10146846 0.40473387 -0.90468156
TCTTT 0.4323371 -2.0037904 0.69132197 0.6550606 -0.4801502
CTGTT 0.037240174 -1.3417609 0.94972736 0.26246393 -0.32943282
GCACT 0.329415 -0.63391924 -0.014024092 -0.69495976 -0.38374037
GGATC 0.5443109 -0.56753737 0.28815684 -0.12562913 -0.09167244
TTGCT -0.19207531 -1.3794117 0.88332534 -0.059534464 -0.33587167
TCCAA 1.2970164 -0.6745895 -0.3656278 0.03877584 -0.19901551
ATCTC 1.0103225 -0.9876227 -0.064636745 0.3464109 -0.81264484
ATGCT 0.00055035204 -1.084541 0.53602415 -0.39716348 0.14688951
CACCG 0.6498152 -0.2894192 -0.39087275 -1.0665528 -0.83951
ACCAT 1.0161134 -1.0485458 -0.51445454 -0.27387404 -0.14169963
CTTGT 0.13453868 -1.2593654 0.9172088 0.37734622 -0.6142712
TGGTT 0.35421678 -0.92601746 1.2837116 0.62867707 -0.2343551
CCGCA 1.0909166 0.2383262 -0.25055483 -0.7882891 -1.0004749
GGGAT 0.20451005 -0.47318658 0.77705914 -0.3715636 0.2973612
AAGGT 1.081797 -0.07183648 0.61395943 0.15397497 0.5267258
AGCAT 1.512108 -0.11915899 0.05922944 0.2934129 -0.061859064
CGGCA 1.0155661 0.46681497 0.035293937 -0.8167924 -0.63995713
CTTGC -0.08101028 -1.104741 0.4233419 -0.40839154 -0.7027873
AGAAC 0.821936 -0.757351 -0.39242515 -0.98512703 0.6689098
GACTC 0.15245427 -0.96057016 -0.08418645 -0.81086564 -0.29115453
GCGCT -0.019870374 -0.18978886 0.6372408 -0.93889505 -1.0482683
TTTTG 0.2035973 -1.7441027 1.0614656 0.45355347 0.24547714
GAATG 0.55317855 -0.8056535 0.61921006 -0.34290528 1.0786933
GATCT 0.39329892 -1.1001662 0.41828948 0.10548318 -0.0551707
CTCAC 0.8515166 -0.8426531 -0.55399585 -0.5238031 -0.95522296
CTGAT -0.038036257 -1.304513 0.5385944 -0.4110092 0.28675696
GAAAA 1.2587609 -0.92133516 -0.015599077 -0.5684647 1.4946115
GATCC 0.6301433 -0.61985654 -0.054322775 -0.31088662 -0.28113982
AGTGT 1.0098053 -0.08236016 1.0905684 0.59301025 0.10582992
TGTTC 0.5666892 -1.0074216 0.784945 0.64776415 -0.5903688
TAGGG 0.89549416 -0.23113015 0.67941123 0.34030658 0.20329563
CAAGC 1.2294204 -0.06474531 -0.4330792 -0.65019286 -0.105007015
AGTGC 0.6856581 0.022240741 0.5093132 -0.17492476 -0.31302893
CTTTC 0.32841974 -1.6540211 0.31520393 0.24047953 -0.85359824
GTGAT 0.2947525 -0.7106121 1.1416081 0.07949726 0.48740572
TGCTT -0.1312338 -1.5057185 0.72341144 -0.03372868 -0.61020523
AGTTG 0.8285067 -0.4011151 1.0398179 0.46124646 0.48020858
AAGAC 0.7868758 -0.7620764 -0.36781427 -1.119543 0.7970618
GGTAG 1.251911 0.30367368 0.9717685 0.3969067 0.21361782
CCGCT 0.053442407 -0.53967565 0.24943902 -0.93398386 -1.4410985
CAACA 1.5874714 -0.6782685 -0.84166414 -0.5463049 0.17731111
ACTTC 0.4025801 -1.5842195 -0.1944525 -0.28170553 -0.44196162
GATCA 1.0691677 -0.57615626 -0.017555568 -0.0059719514 0.25939626
ATCTT 0.7194134 -1.5051892 0.26976767 0.48556 -0.28141862
TACAG 1.113532 -0.47866213 -0.18361552 -0.16055462 0.2128979
GCTCG 0.3464629 -0.058563016 0.5955341 -0.49794313 -1.259827
GAACT 0.111778095 -1.2901893 0.049644995 -0.86193275 0.46723172
TCAGT 1.3798972 -0.28500378 0.58788466 0.85689485 -0.41125798
ACTGA 0.1327921 -1.3480949 0.009085214 -1.0408938 0.6874728
CCAAA 1.4498535 -0.71705705 -0.6514527 -0.38111657 0.28156462
ATGAT 0.45582715 -1.2159703 0.56762445 -0.15591544 0.9200332
TTGGT 0.3641973 -0.9349401 1.4255358 0.6486252 -0.06760054
AGAGT 1.1802982 0.10457283 0.61639357 0.081324905 0.51338613
GAACC 0.43975365 -0.82503194 -0.4242958 -1.2363235 0.16081044
ACTGT 0.03719207 -1.1795064 0.4668648 -0.25741363 -0.040613275
GCACG 0.69239414 0.17660575 -0.051633608 -1.1007869 -0.7066488
GACAT 0.7095437 -0.8220557 -0.10127293 -0.41603392 0.39168367
ACAGT 1.3342589 -0.12938635 0.047411647 0.08507956 0.099897094
GGCAA 1.1310722 0.037641328 0.06106734 -0.38271648 0.33987203
AGATC 0.9865418 -0.5803439 -0.05080622 -0.117214866 0.2531134
CACAT 1.3002857 -0.8495984 -0.48789197 -0.03016258 -0.20249428
AAATG 0.9825778 -0.99930936 0.25705415 -0.12667806 1.1465356
ATGCC 0.41651383 -0.65949 -0.06471626 -0.613139 -0.23507978
GTCTT 0.56131923 -1.0536082 0.86487436 0.7266435 -0.7655029
TTCAC 0.8881232 -1.0847099 -0.25252002 0.022211092 -0.4704495
CTGTA 0.4915508 -0.8543494 0.5844719 0.25191864 -0.016807197
TACTG 0.03556446 -1.4037116 0.39563307 -0.3259654 0.17926346
TGAAC 0.22482811 -1.1430436 0.006056043 -0.87177056 0.5484003
ACCTT 0.14050269 -1.6210107 -0.11719745 -0.5267178 -0.30377793
CCTTT 0.0933043 -1.769406 0.31137058 -0.03714171 -0.6586863
TTTTC 0.63162136 -1.7972507 0.568156 0.7292186 -0.43095303
TGACT -0.26745093 -1.6183714 0.41954938 -0.72888047 0.19832157
CCGGA 0.39521238 -0.008909381 0.11589012 -1.1773041 -0.33252335
CGCCT 0.1309128 -0.5932228 0.038736064 -1.0793605 -1.4953287
CACAA 1.4917316 -0.6684151 -0.76034755 -0.55654216 0.2698508
GCGGA 0.3225357 0.20844989 0.5205652 -1.2585896 0.02434837
GCTTT 0.005000237 -1.3047945 0.77131164 0.10974219 -0.40566936
GTCAT 1.353811 -0.4267131 0.550498 0.8647821 -0.3191071
GCGAG 0.54531825 0.40783605 0.3814496 -1.4191165 -0.040837333
TCACT 0.59001356 -1.1339731 -0.08652237 -0.06990813 -0.5942651
GACAA 0.95243293 -0.60378283 -0.3152276 -1.0030752 0.88765514
TGAGT 0.5107418 -0.54811 1.0237489 0.2717196 0.3107478
AGTTC 1.1105611 -0.39922082 0.42041162 0.56066984 -0.28787816
AGCGC 0.8468011 0.49249867 0.12505516 -1.0716351 -0.7459605
AAAGC 1.2475537 -0.2588439 -0.26183158 -0.4892703 0.52811825
TCTCG 0.525292 -0.59866905 0.5464208 0.21293816 -1.4036871
GCGCG 0.51889235 0.65778434 0.73013306 -1.630754 -1.3549331
GGGTT 0.51936823 -0.30725622 1.3220937 0.51359695 -0.22396089
TTCGG 0.3640711 -0.5982917 0.57797503 0.14081952 -0.65314853
CATGT 0.96124315 -0.68053967 0.39479962 0.5285201 -0.2322836
GTTTG 0.34900424 -0.97366315 1.2557542 0.47655025 0.23634271
AGTCA 1.6779295 -0.06533127 0.17525822 0.48875362 0.017256264
CCAAC 1.1073818 -0.88129497 -0.90567726 -0.8672344 -0.31629598
CGCCA 1.0118504 0.0014385122 -0.41625667 -0.8794915 -1.070698
ATGTC 0.9214726 -0.5822648 0.45705298 0.50917614 -0.25288448
ACTCT 0.13399972 -1.5659529 -0.03190524 -0.41054872 -0.46732104
ATGAC 0.24481282 -1.1315732 -0.014083613 -0.95981437 0.60912156
AGACT 0.2876097 -1.0693825 -0.110591084 -0.9190156 0.41739053
ACGTG 0.2037019 -0.30096176 0.40920344 -0.6432167 -0.32401213
CTCAA 1.1383785 -0.7857129 -0.42038116 -0.10486083 -0.25760183
AACCA 1.279422 -0.74976975 -0.791418 -0.8182733 0.3004282
CATGC 0.63329124 -0.60274416 -0.08129925 -0.3315171 -0.4335058
ATCCC 1.074087 -0.6580784 -0.48264146 -0.2256271 -0.7673288
AGGTT 0.9061211 -0.3490832 0.8279882 0.56624746 0.05372729
TGATC 0.5112804 -0.9738667 0.35414326 0.08690052 0.05040812
AGTCT 0.89648515 -0.4384737 0.6253551 0.56345445 -0.3180029
ATAGG 1.2357122 -0.4146213 0.40378466 0.37664634 0.5711222
CAGTT 1.1478103 -0.43448937 0.45993212 0.6233804 -0.21320288
GTTCA 1.2569561 -0.36145484 0.3671084 0.6225525 -0.2928407
ACCAA 1.3266441 -0.83146507 -0.86606365 -0.92211187 0.4345424
CCCGA 0.39511505 -0.22332655 -0.24018553 -1.445313 -0.5265149
ATCAT 1.527458 -0.9510106 -0.0147870965 0.67048985 -0.072280854
GGCGT 0.5555569 0.40929443 1.1521332 -0.19717531 -0.83938026
TTCAT 1.1073866 -1.3367239 0.20934945 0.747644 -0.37742147
GCCGT 0.51944625 0.22580078 0.7691276 -0.34041327 -1.228243
ATGCA 0.8612401 -0.4667723 0.064187534 -0.35333785 0.47624865
ATCAC 1.2323505 -0.89457667 -0.57174516 -0.19469896 -0.23231024
CGATG 0.09321501 -0.47326806 0.42536256 -0.82589066 0.15932502
CGTCC 0.94665855 -0.049290277 0.19141965 -0.11411057 -1.6644807
ACACT 0.4365112 -1.2955526 -0.4975455 -0.89077914 -0.11226094
AGAAT 1.1419648 -0.8650348 0.12808698 -0.07887761 1.0533535
TTTGT 0.40282223 -1.6065574 1.165602 0.7919758 -0.05026467
AACCT 0.34583747 -1.4062725 -0.34200132 -0.7619559 0.008582687
GCAAA 1.4635623 -0.24530996 -0.20652054 -0.30177313 0.6551092
TTGCC 0.22078606 -1.0227592 0.25886726 -0.17793293 -0.6385707
TGAAA 0.7749775 -1.1688087 0.28698534 -0.319687 1.2247611
CATAG 1.5094951 -0.29009795 0.09589489 0.40356827 0.2050273
ACTCA 0.96447134 -0.8980511 -0.45694926 -0.33568862 -0.17330112
GACTT -0.089802764 -1.5858223 0.23514123 -0.6289852 0.18628122
TTGTC 0.6115022 -0.9877652 0.85196936 0.73935527 -0.709056
CTTTT 0.21020634 -2.0749524 0.6026165 0.3525692 -0.33153644
TAAGG 1.1339775 -0.69076353 0.486764 0.33439395 0.85148615
GTAGA 1.1748929 -0.06021082 0.7086576 0.16669084 0.7716376
CCATT 0.8648297 -1.1234003 -0.06494716 0.2277771 -0.35422498
GCGCA 0.92187124 0.527111 0.16165887 -0.868078 -0.7831971
CGAGC 0.52397335 0.16506165 0.026774619 -1.4138085 -0.46654743
CAAGT 1.4617035 -0.16433318 0.15338694 0.31382608 0.1726178
CATCG 1.180337 -0.14103808 -0.018849567 0.113267556 -0.7378579
ACGAG 0.37537578 -0.30907553 -0.07738108 -1.5991536 0.39585623
TTTGA 0.16722102 -1.5872036 0.72036797 -0.092393674 0.7256218
ATTCT 0.65627974 -1.6099235 0.34734046 0.48063612 -0.10699625
CACTT 0.33171234 -1.4934515 -0.18074189 -0.36480236 -0.43840173
GTGCG 0.1909667 0.18814065 1.1816903 -0.57208633 -0.775563
TCCGC 0.6651155 -0.19979854 0.09927215 -0.3905518 -1.492187
GAGTT 0.65266186 -0.5159758 0.94868386 0.34243262 0.36827862
AAAAA 1.7432699 -1.2645925 -0.31027204 -0.3251103 1.5095401
AATGA 0.7328129 -1.1678247 0.24822849 -0.4050024 1.2290949
CTATG 0.16350687 -1.3001012 0.422976 -0.16026995 0.22704251
CGAAG 0.64053416 -0.012831845 0.07819643 -0.98902184 0.29545054
TTGAA 0.4142298 -1.3186932 0.5769646 -0.17613147 0.9855632
CGCTC 0.40186733 -0.38871202 0.18842144 -0.6187445 -1.7069533
GTACA 1.2361404 -0.34778014 0.03233848 0.09742448 0.28156468
GAAAT 1.0655909 -1.0687848 0.16738036 -0.12229434 1.1711483
GGAAT 0.5972841 -0.8079142 0.46407074 -0.13494577 0.7474741
GCCGA 0.3197404 0.082910106 0.16423194 -1.5815557 -0.25954792
TTTCA 1.0894157 -1.2805822 0.14497747 0.62725794 -0.16669254
CTTCG 0.23142457 -0.8101233 0.3832498 -0.090984285 -0.9856687
CTACA 0.7685808 -1.1047589 -0.5107734 -0.620615 0.12012056
CAACC 1.0372849 -0.9112831 -0.8386352 -0.7921328 -0.27945346
ACGGC 0.4034542 -0.0438269 -0.097243704 -1.404711 -0.51749796
ACAAA 1.5699748 -0.87990344 -0.5710136 -0.5179639 0.949092
GTTGT 0.6419161 -0.6493234 1.5433644 0.87011147 -0.08420827
TTGAT 0.21926421 -1.5661591 0.92301244 0.19476269 0.5751915
GGTCG 0.9578278 0.48661816 1.0133924 0.17389596 -0.9888621
CAAAA 1.6827844 -0.92837286 -0.5032 -0.24067925 0.8726273
TCGTG 0.63747656 -0.12843773 0.9828802 0.38882852 -0.9358946
GTCCG 0.7426276 0.17895563 0.6127486 -0.09323752 -1.131122
GTGTT 0.5182631 -0.7141278 1.4183142 0.7271546 -0.07033934
TGCAA 0.85728085 -0.5794739 0.059130337 -0.18370372 0.36922613
TTGCA 0.5963993 -0.7095839 0.33204263 0.08527405 -0.06492575
GTTGA 0.29597571 -0.84964037 1.0783123 0.08271512 0.65829384
TGTTT 0.36752197 -1.6225718 1.189692 0.72350425 0.04733314
AAACA 1.5760387 -0.9071103 -0.62104243 -0.5999471 0.93422246
TGCAT 0.7181639 -0.7074723 0.35187718 0.2839503 -0.39452428
TGCGC 0.077885926 -0.18718126 0.4842333 -0.94345266 -1.1083577
CTAGG 0.51174635 -0.68434656 0.20715994 -0.1412204 -0.056665033
ACACG 0.7659523 -0.3594409 -0.51738876 -1.1517831 -0.1456412
TCAAA 1.5608996 -0.90264547 -0.3136046 0.23357129 0.3897306
ATGTT 0.6366888 -1.1979287 0.92520726 0.6522326 0.28759086
CGAGA 0.46944344 -0.12402136 0.035414655 -1.4256525 0.42612135
AAGTC 1.4115833 -0.10055945 0.2161151 0.35772994 0.07296525
ATTTC 0.8617973 -1.5228536 0.16552976 0.49080032 -0.12073708
TTCCG 0.49453655 -0.5978343 0.33995965 0.06347539 -1.0648417
CAACT 0.6367858 -1.3571296 -0.46714753 -0.55599266 -0.005511228
CACGC 0.6220256 -0.16228768 -0.40645897 -1.3438443 -1.0438236
ATTTG 0.5776609 -1.4935697 0.71390545 0.4196502 0.584162
GTTTC 0.6572348 -1.0405132 0.70843256 0.6823064 -0.4978311
CGTGC 0.27897912 -0.0441451 0.63703924 -0.5106035 -1.0742295
TGGTA 0.7371035 -0.5107559 0.8588407 0.41752285 0.25805414
GGTTT 0.48853922 -0.96430475 1.1592493 0.70077574 -0.08294327
AGACG 0.47513884 -0.18364806 0.008815089 -1.3665624 0.4303298
TTTTT 0.5841744 -2.2408013 0.9016055 0.8115327 0.11336193
AAGTT 1.1376876 -0.59875655 0.6561122 0.5181811 0.638584
TCGGC 0.6354993 0.010781727 0.4055277 -0.2830058 -1.3671141
CAGTA 1.5999405 -0.19834773 0.12925293 0.45246306 0.18678565
TTGTT 0.38479897 -1.5866169 1.308064 0.8342171 -0.0755025
AAAGT 1.5401872 -0.4466007 0.32645684 0.39007935 0.824701
ATTCC 0.91201806 -1.1293695 -0.09962808 0.24757113 -0.3932825
GTTGC 0.23391657 -0.6491395 0.8529038 0.11983526 -0.36652875
CATTC 1.1438503 -1.1633703 -0.1469533 0.42108035 -0.52668875
GGCGA 0.3388663 0.20087261 0.45922443 -1.2580199 0.030602263
ATCAA 1.7521021 -0.79899806 -0.42183506 0.1458933 0.42162597
TGACG -0.19727518 -0.64903677 0.46906567 -1.201734 0.15554182
AACTC 0.6183093 -1.2286023 -0.3950092 -0.44226167 -0.14874384
CATTT 0.9746581 -1.5305455 0.21757671 0.59577423 0.037465766
GCGGT 0.6123116 0.42026675 1.0219007 -0.26188576 -0.6950496
GAAAC 0.85074306 -0.9042193 -0.35140726 -0.9121279 0.87123215
TGTAC 0.4522476 -0.9552423 0.34109223 0.04476011 -0.034830622
TCATT 1.2335113 -1.3379707 0.35052794 0.9266613 -0.2216867
TACCA 1.01076 -1.0551612 -0.53215855 -0.34776965 0.033438113
GAATC 0.9671369 -0.75902116 0.026424032 0.034219436 0.3479723
CCGTC 0.84808964 -0.06070571 0.34311292 -0.030716993 -1.5906488
TAGAG 1.1327866 -0.11602748 0.55384225 0.004674784 0.81239605
AACAA 1.469271 -0.98865086 -0.64520466 -0.7083187 0.98218334
GACCG 0.046067342 -0.38736445 0.074496344 -1.5103326 -0.17758538
TTCAA 1.2671614 -1.1120332 -0.1530628 0.33269808 0.15490387
AGTAG 1.6454515 0.17993818 0.62203336 0.46367204 0.53918016
CACGT 0.7178139 -0.18986931 0.05431999 -0.3204169 -0.74231285
AATGT 0.9224196 -0.86963904 0.657505 0.4425419 0.7105402
CTCGC 0.4330105 -0.38590586 0.25425455 -0.47506422 -1.7881571
AACAT 1.312854 -1.0788056 -0.44004965 -0.16648091 0.529574
TTTGC 0.13653804 -1.2918097 0.6002511 0.09320451 -0.25102487
ACTTT 0.20526338 -2.0499408 0.16915253 -0.18050328 0.15775064
AGTTT 0.9020902 -0.95385146 0.7774163 0.66956383 0.3920871
AAAAT 1.4652385 -1.4390018 -0.030599507 0.1124305 1.2381394
GCAAC 1.076456 -0.37940517 -0.49456894 -0.6769744 0.02924718
ACATT 0.9990687 -1.4301177 -0.108914405 0.18176861 0.28544527
TGAAT 0.53817487 -1.3733208 0.5071246 0.019099137 0.8566088
ATTTT 0.8133975 -1.9641291 0.657989 0.725243 0.41677356
CCGGT 0.5887645 0.116745256 0.5475814 -0.28649107 -0.9582286
GTTTT 0.51671505 -1.4899297 1.1075768 0.8101257 0.07171767
ATCGG 1.0627748 -0.10671031 0.23620088 0.19729857 -0.35671148
GTAGC 1.1800286 0.19722117 0.55252737 0.30299968 -0.22593679
TTGAC 0.041400675 -1.4448092 0.24923529 -0.5179984 0.3119345
TCTAC 0.43827042 -1.5813954 -0.2586456 -0.29185593 -0.34267476
ACAAC 1.0167506 -1.1833979 -0.8006543 -0.9068246 0.32297432
AACTT 0.35588047 -1.7733088 -0.04800587 -0.35616145 0.35023287
AACAC 1.0587174 -0.92444867 -0.8296923 -0.99387985 0.24899185
CCCGT 0.618306 -0.11636778 0.29494828 -0.30176523 -1.3854488
ACCCG 0.4689897 -0.43178496 -0.41866022 -1.3043047 -0.66204435
AGGTA 1.422045 0.08222267 0.5150717 0.3659013 0.36173555
AACGG 0.60074574 -0.40588212 -0.18216202 -1.0726253 0.4655712
CGGGT 0.4811571 0.23567544 0.99468243 -0.19646066 -0.9157312
GCATT 0.88668925 -0.749443 0.42719126 0.46386015 -0.040951163
AGATT 0.79278 -1.0996192 0.4177642 0.14471416 0.81988317
TTAGG 0.7445264 -0.91876227 0.69726765 0.52341866 0.3361097
GATTT 0.43705508 -1.5542315 0.6568841 0.28376973 0.49881962
CTACC 0.3041497 -1.438851 -0.52934235 -0.93547374 -0.4964398
ATTCA 1.407353 -1.079597 -0.12545736 0.43760884 0.23587203
TCACG 0.8041372 -0.31391007 -0.10800623 -0.30680254 -0.68948436
AACCC 0.8003353 -0.94853497 -0.81940997 -1.0893084 -0.14529485
AAGCG 0.90408885 0.3733513 0.14969793 -0.98364794 0.2569345
AATCT 0.8989787 -1.3740577 0.06913647 0.30699277 0.17893943
GATTC 0.584895 -1.1191918 0.27993792 0.15884154 0.093513355
CGCGC 0.4616905 0.28119633 0.2746961 -1.5349214 -1.644283
AAACT 0.603854 -1.576322 -0.2982813 -0.53887546 0.56332743
ACTCG 0.3556864 -0.6405226 -0.027377304 -0.54380405 -0.59498125
GGATT 0.324571 -1.1276197 0.6695246 0.07981851 0.39961708
AGCGA 0.73634154 0.1812785 -0.014707412 -1.2316351 0.17632319
GTCAA 1.4750807 -0.24244392 0.13068134 0.42084754 0.060843293
CGGAA 0.5802259 -0.06350576 0.13876879 -0.9794674 0.35354552
GACGC 0.08107613 -0.31000745 -0.0036119774 -1.6870389 -0.29707378
TCGAG 0.5051103 -0.092225194 0.28932226 -0.5284762 -0.2298553
GGTAC 0.66260314 -0.3908716 0.30271333 -0.054723304 -0.09888044
GTACT 0.3771385 -0.9787537 0.45127153 0.07470542 -0.044343445
CTCGT 0.658015 -0.41816065 0.6015832 0.30976835 -1.4549965
GTACC 0.6299965 -0.63294894 -0.08684045 -0.331055 -0.24051036
TGTCG 0.6585674 -0.061880592 1.0004518 0.39161882 -0.7632005
GACGA 0.061969694 -0.5457338 0.084263764 -1.8977084 0.55202335
CGTGT 0.46757072 -0.1381196 0.9663533 0.20433134 -0.9000566
AATCC 1.2039537 -0.8982465 -0.3261705 0.06366041 0.018794134
AGTAC 1.0820696 -0.43029737 0.0111213 -0.056681145 0.3224585
GCTAC 0.08488142 -1.0967811 -0.08082804 -0.83945894 -0.15943779
GATTG 0.30652523 -1.1265537 0.85954916 -0.011849434 0.78118527
CAAAC 1.204648 -1.0682857 -0.7720556 -0.600439 0.2226043
TCAAC 1.1509253 -0.96496534 -0.5663169 -0.20720063 -0.1752968
CACGA 0.61367655 -0.41277635 -0.49812055 -1.4206583 -0.082599364
GCGTC 0.8973386 0.3176666 0.58692867 -0.054859407 -1.3054379
AAAAC 1.2048473 -1.2048117 -0.5662226 -0.715387 0.94856745
CGTGA 0.17557977 -0.29026157 0.597357 -0.578985 -0.1156159
ATTGA 0.49373797 -1.2852885 0.46174878 -0.12395483 0.82540494
AAACC 1.0023794 -1.0983896 -0.7458727 -0.8698242 0.41867104
TCGCC 0.66371906 -0.20233954 0.056861088 -0.45009488 -1.555835
CCTAC 0.30433765 -1.2765466 -0.49051085 -0.97677654 -0.38371664
ACGCC 0.40551507 -0.47236916 -0.49790397 -1.5530334 -0.8384541
CGTCA 1.2518419 0.031694196 0.08736409 0.20085126 -0.9316887
TACCT 0.17429118 -1.6073515 -0.0908342 -0.48095036 -0.19151375
CGTCT 0.57447803 -0.48134172 0.57641333 0.25408617 -1.3155192
AATGC 0.62293595 -0.7973674 0.06575478 -0.35683534 0.45551807
TAGAA 1.2470206 -0.5293342 0.31388488 -0.002850704 1.0661176
CAAAT 1.3839747 -1.1123086 -0.27543092 0.108229466 0.5854512
ACCGC 0.4156071 -0.3164843 -0.35267922 -1.3645796 -0.8806628
TCCGA 0.36354715 -0.38807693 0.10120593 -0.58710337 -0.5060979
CGCAC 0.8272258 -0.018146764 -0.44752175 -1.2235973 -1.0582905
TACAT 1.0922632 -1.1358378 -0.07386197 0.20078167 0.30993122
GAATT 0.69843733 -1.3994936 0.38462865 0.16325803 0.759637
CTACT -0.0020614215 -1.8438312 -0.033342637 -0.55411994 -0.2850669
CCGAC 0.16654938 -0.7317847 -0.40865508 -1.588589 -0.62619615
CGGAC 0.16439834 -0.39195636 -0.12390821 -1.5065938 -0.3650899
GGGTA 0.9215804 -0.008508104 0.8353628 0.3083205 0.13660458
TCATA 1.4723712 -0.8515621 0.12740862 0.7230359 0.07924027
AATCA 1.7143087 -0.8962924 -0.379433 0.2203412 0.4170512
TCGGT 0.9101931 0.023268733 0.8682016 0.47849178 -0.69862753
CGTTG 0.33958912 -0.31141174 0.9986249 0.1755211 -0.49826288
TAAAG 1.3426051 -0.8372229 0.28393865 0.20027183 1.1549544
AGCGT 1.0521444 0.48115242 0.6086969 -0.045707 -0.5321392
ACGGA 0.43893442 -0.27722842 -0.09343254 -1.3995034 0.35222417
ATCCG 0.8141984 -0.3224759 -0.042664006 -0.1880187 -0.5676149
GTATG 0.7382224 -0.73402756 0.95519274 0.5023873 0.51756984
TGATT 0.30337137 -1.6770755 0.8178433 0.24247625 0.6077793
GTGTA 0.8740062 -0.4517251 0.91927946 0.5555338 0.3001459
TCGCT 0.23246042 -0.5407175 0.6075662 -0.104246184 -1.3469576
TCGTC 1.1243259 -0.30958226 0.4721899 0.59899926 -1.6175644
AGTCG 1.2331517 0.4124081 0.59843874 0.22667167 -0.41977987
CGGTC 1.0307658 0.22702557 0.43327367 0.056671917 -1.2015883
AAATC 1.4336953 -1.212208 -0.32800514 0.12325272 0.571407
CGACC 0.20154715 -0.7320976 -0.44511113 -1.6458813 -0.64272124
TATGA 0.43050328 -1.413674 0.45487916 -0.21419956 0.96540666
TCGGA 0.4321742 -0.1564817 0.41637057 -0.39559853 -0.26719087
TACAA 1.2201489 -1.0654436 -0.39431956 -0.2673842 0.6949208
TCCGT 0.7172915 -0.3264346 0.58407927 0.3150482 -1.3368326
AATTC 1.0860928 -1.2984469 -0.020929206 0.3645688 0.25645557
GTAGT 1.4918174 -0.11461477 1.1076845 1.0684344 0.05679612
CCAAT 1.1500201 -0.8653172 -0.37323114 -0.07170922 0.028008498
TAGGA 0.8313178 -0.36270767 0.5452205 -0.07175918 0.7508111
TTGTA 0.8451321 -1.0801035 0.8986139 0.8039507 0.29715237
GACGT 0.1315286 -0.29127672 0.49075347 -0.7111641 -0.16422012
CAACG 0.8565721 -0.4242399 -0.55104214 -0.9621974 -0.112599894
ATGTA 1.0499798 -0.79281634 0.6610991 0.5390337 0.6350486
CTCGA 0.23492038 -0.58441097 0.15352397 -0.5614224 -0.49752823
AGATA 1.1739622 -0.910476 0.09457268 -0.14914834 1.1777567
GAACG 0.32344732 -0.43553603 0.041532785 -1.2370414 0.45956367
GCGAC 0.091383055 -0.2467738 0.033151895 -1.7009078 -0.26441976
TCAAT 1.3639133 -0.9919779 0.023522696 0.56182593 0.13676876
ATATG 0.87593424 -1.2093397 0.49994227 0.28672603 0.90897286
TAGTG 0.8926861 -0.348071 0.9243687 0.5325253 0.2746595
TTCTA 0.57086444 -1.8313684 0.13820894 0.26262945 -0.055332012
ACGCT -0.044920713 -0.6880389 0.024492035 -1.2469889 -0.49883765
ATAGA 1.3824149 -0.60909057 0.18510187 0.06492272 1.0729307
ATTGC 0.37661994 -1.1127678 0.28599927 -0.021276103 -0.035931867
TACAC 0.84518135 -0.9958633 -0.49559465 -0.5268779 0.011997592
TATCT 0.7938126 -1.5167323 0.3918357 0.6595172 -0.16155705
CCATA 1.4229077 -0.7656285 -0.3301575 0.17862922 0.06070599
CTCTA 0.4769133 -1.5017744 -0.096158564 -0.032140344 -0.47799572
AAGTA 1.5724301 -0.39387286 0.28013805 0.26707062 0.9338117
AAATT 1.3308953 -1.5061278 0.13399507 0.36674994 0.96111286
ACAAT 1.2124302 -1.1182728 -0.39977303 -0.28956643 0.69065523
TGTAT 0.6813375 -1.2730563 0.94913214 0.7157705 0.34004286
AAATA 1.6371926 -1.4444408 -0.11459601 0.121517636 1.2752025
GATAG 0.96782947 -0.4544868 0.6656218 0.117613725 0.9357547
GGCTA 0.15886624 -0.7194191 0.39657846 -0.43068224 0.059411287
TAGCT 0.6497228 -0.56895363 0.51425475 0.2668469 -0.15409884
TCTAT 0.80815184 -1.6221137 0.20231344 0.52108645 -0.08532612
ATTGT 0.72559303 -1.1219288 0.875962 0.70095146 0.23106451
CGAGT 0.47468084 -0.08667251 0.45105812 -0.39672458 -0.19555552
GCAAT 1.1141369 -0.5747763 0.09705998 0.10833189 0.4115181
TACTT 0.2674759 -1.8258643 0.3590694 0.09871805 0.033740703
CGACA 0.60758454 -0.4409799 -0.43943402 -1.233996 -0.026619093
TATTT 0.9743302 -2.0063012 0.6606725 0.9027293 0.3461845
TAGCA 1.5649636 -0.12635808 0.14324515 0.3738193 0.24914935
GAGTA 0.9500659 -0.22691093 0.5815794 0.06949234 0.6337912
AATTT 0.96472 -1.8427312 0.37989783 0.49317843 0.7394157
TATCC 1.2039685 -1.0002388 -0.14826672 0.45215678 -0.46189538
GGATA 0.60941935 -0.7620849 0.46046755 -0.24926168 0.91920316
CGTAG 1.1450412 0.34768698 0.6130609 0.2566955 -0.38493007
ACCGA 0.313637 -0.59163 -0.32564563 -1.5332813 0.10294201
ACGGT 0.57293993 -0.12162966 0.2861614 -0.36503378 -0.27503872
ACCGT 0.45829684 -0.33793783 0.14851467 -0.46021214 -0.5532915
ATACA 1.3637866 -1.0114902 -0.43242955 -0.1471103 0.54687876
AGCTA 0.65867436 -0.73478186 -0.07700038 -0.41923493 0.27329364
GTCGC 0.8205407 0.32264018 0.6578704 -0.09377965 -1.4290743
ATAAG 1.4720808 -0.7903119 0.19574189 0.23117103 1.0800154
TATTG 0.5251876 -1.4003391 0.81957155 0.44206655 0.56474286
TACTC 0.60071653 -1.3679947 -0.11537296 0.007875133 -0.42081776
CGACT -0.19810478 -1.1494576 -0.049649872 -1.2840596 -0.35968232
CGTCG 0.9080336 0.35868394 0.64664364 -0.06496769 -1.3868638
TACGG 0.23225719 -0.75572413 0.09295138 -0.63020897 0.10536786
ATGCG 0.19749361 -0.2785268 0.46465188 -0.6860217 -0.12536807
TAGGT 1.0811477 -0.1710547 1.0123245 0.78413534 -0.081230834
TTATG 0.59822863 -1.6124704 0.825165 0.5497676 0.5972065
TACCC 0.46389785 -1.0915562 -0.4707943 -0.7407313 -0.44992608
CGACG -0.02493656 -0.31943393 0.07595522 -1.7889682 -0.4433662
CCTAG 0.5821753 -0.69573337 -0.037905443 -0.29932818 -0.17071152
CTACG 0.0030499324 -1.078845 -0.109838545 -1.0094261 -0.20182678
GTCGT 1.1269761 0.13351852 1.0889978 0.77328616 -1.122546
CCGAA 0.61044675 -0.2577598 -0.26398453 -1.1163775 0.10364191
ACGTC 0.7674396 -0.24201272 -0.007676935 -0.24861018 -0.8015893
TATGT 0.7196796 -1.2487388 0.9379059 0.7847524 0.2915914
GTAAG 1.3777058 -0.24252088 0.76473886 0.57184225 0.74601376
AATTG 0.788919 -1.3409293 0.56398094 0.2820508 0.90856683
TGCGT 0.13396336 -0.2669413 1.0764738 -0.09610804 -0.96589184
CGCTT -0.0449407 -0.78848153 0.49553353 -0.39957312 -1.1170998
ACGCA 1.0003048 0.053420555 -0.4974432 -1.2227997 -0.2844265
ATAAA 1.712967 -1.3570901 -0.080385976 0.124580555 1.369627
GATAC 0.51265115 -1.1061248 -0.05231142 -0.61547196 0.69911104
TAGGC 0.8820769 -0.058163412 0.45739242 0.15308745 -0.25901735
AGTAT 1.3337241 -0.6511221 0.554517 0.69194263 0.553141
TAATG 0.731745 -1.2924347 0.5896372 0.2453108 0.94118875
TGCTA -0.001877827 -1.3332225 0.3686988 -0.39627695 0.1591155
TGATA 0.5464731 -1.3837054 0.57792884 0.04630953 0.95310825
GTATC 1.1722516 -0.63452554 0.44419098 0.757487 -0.17880134
CGGAT 0.1793017 -0.43352687 0.4892597 -0.55988365 0.01379037
TAGAT 1.0012648 -0.644059 0.65333617 0.2713126 0.8770167
ACTAC 0.3993211 -1.6815066 -0.5825649 -1.0298994 0.23667023
ATACT 0.50880545 -1.7372252 -0.0027898862 -0.18547271 0.48549604
ATATT 1.2082301 -1.829711 0.36274543 0.70387965 0.7017649
CTTAG 0.57642555 -0.9893788 0.40107656 0.24569564 0.065014556
ACATA 1.4707203 -1.0359479 -0.3725644 -0.051713746 0.7123446
TGTAA 0.95901227 -1.089097 0.62380576 0.49100003 0.8047867
CTTTA 0.5884441 -1.7979898 0.26529026 0.3405706 0.120016575
TTACA 1.1800525 -1.3871964 -0.2115346 0.14614053 0.4915183
TAGCC 1.0711526 -0.122167885 0.011543292 -0.026288416 -0.32300526
CCCTA 0.4797929 -1.1013869 -0.33392325 -0.5246567 -0.46349216
GGTAT 1.0180099 -0.5556694 0.8260593 0.7503058 0.19325292
TCCTA 0.59655213 -1.3024231 -0.066999786 0.025870102 -0.399426
AATAT 1.3823487 -1.6764019 0.14866707 0.4424493 1.0343864
ATCTA 1.0409018 -1.5532641 -0.2373646 0.20719077 0.079685286
TTGCG -0.17138283 -0.67670035 0.8080581 -0.39785817 -0.5972945
GCTAT 0.21300882 -1.1244423 0.45141348 -0.093829 0.2162167
TGCGA -0.14758562 -0.4235668 0.5300542 -1.209209 -0.080056
TATCA 1.5346152 -1.0497216 -0.12050935 0.55181926 0.2298647
GATCG 0.6009223 -0.23310748 0.41585842 -0.18019147 0.022498777
CATAC 1.0766356 -1.0338805 -0.43338272 -0.13781576 -0.00060673297
CGTTC 0.72306526 -0.5216905 0.4343628 0.3614669 -1.1272827
TTTAT 0.9687935 -2.0528042 0.5651926 0.82768846 0.3801688
CAATC 1.5125903 -0.89784783 -0.40547484 0.2916114 -0.19230142
AACCG 0.5374391 -0.45440257 -0.35594717 -1.1003584 -0.019898726
GGTAA 1.1416389 -0.3424085 0.6161975 0.3945979 0.60908437
CCTTA 0.51996034 -1.5536537 -0.036056023 0.019310484 -0.09887252
CATAT 1.4259137 -1.1296083 0.046502214 0.6388863 0.254086
CGCAT 0.9457357 -0.09193107 -0.029459925 -0.20216456 -0.76106846
ACGAC 0.09723016 -1.0349424 -0.4820171 -1.8241408 0.0049759327
GATAT 0.7225174 -1.2345754 0.41518614 0.12643214 0.8193645
TAAAA 1.5800364 -1.4634125 0.03659225 0.24965568 1.3000329
GCCTA 0.28967848 -0.88876027 -0.085481 -0.64282274 -0.1730718
AGTAA 1.7586048 -0.5658489 0.38416532 0.616539 0.94277644
ATACC 0.7852907 -1.265469 -0.49376896 -0.5179249 0.23251088
GCGAT 0.3002653 -0.23079555 0.42544267 -0.69845253 0.14700058
ACGCG 0.36428598 0.08268511 0.03375848 -1.5066955 -0.72358274
ATAGC 1.3280708 -0.3358263 0.10952303 0.28031534 0.27989087
CTATC 0.8765012 -1.3370667 -0.1821403 0.20565505 -0.41270465
GCTAG 0.43659556 -0.3652832 0.44415614 -0.29604295 0.058820978
TTACT 0.33224952 -2.0512712 0.29764366 0.06651264 0.24530143
TCTTA 0.8098964 -1.7782357 0.3373552 0.6206727 0.06641347
TCTAG 0.69639647 -0.9667762 0.34642905 0.3699975 -0.13949442
CATAA 1.6238111 -0.9611369 -0.27673733 0.22017547 0.63793737
GCATA 1.3311318 -0.29044494 0.1464102 0.3328109 0.12826622
CTTAT 0.69106054 -1.7910613 0.36633322 0.52949846 0.116064325
GATAA 1.0769565 -1.2119987 0.2000422 -0.14534691 1.3416877
TTTTA 0.84216046 -2.1537714 0.55183643 0.6439446 0.62202245
AATAA 1.6285915 -1.5498741 -0.13771456 0.1273296 1.2797079
TTTAG 0.8710487 -1.228051 0.7507457 0.69699264 0.5442312
ATCGT 1.0918926 -0.12522227 0.54345405 0.57386255 -0.612944
TTATT 1.0004754 -2.0386827 0.7343932 0.9255885 0.4409844
TATGC 0.36133802 -1.0397048 0.33822677 -0.07969471 0.15465643
GAATA 1.0584885 -1.2456748 0.15333687 -0.056971807 1.1986129
TTAAA 1.2972329 -1.6527764 0.26865792 0.39941242 1.1790756
CCTAT 0.3359142 -1.423391 0.027445756 -0.17818157 -0.1330387
GTTCG 0.68109465 -0.25226703 0.7983398 0.4067375 -0.58931607
TCGCA 1.1849004 0.14154139 0.019203959 -0.055873603 -0.99256647
ATCGA 0.7237926 -0.4406973 -0.054047346 -0.43857762 0.14863323
GTATT 0.9793721 -1.1401325 0.9208232 0.9226029 0.36630708
AATAG 1.6239558 -0.69671375 0.26097843 0.3674555 1.0589522
ATATC 1.3620955 -1.1146009 -0.07604355 0.5174372 0.16655679
TATTC 1.1437007 -1.5700923 0.32778487 0.84836596 -0.0051839827
TAAGA 1.2040024 -0.95547587 0.14237122 -0.04203329 1.1925422
GTAAA 1.4422531 -0.72580904 0.34160396 0.3749621 1.0292356
GTCGA 0.70825887 0.0062183803 0.46751127 -0.09810394 -0.22875717
TACCG 0.34877962 -0.6582208 -0.126342 -0.68099344 -0.37157398
CCGAT 0.18261534 -0.65540123 0.07256761 -0.77964574 -0.13590048
TCGAT 0.4147112 -0.6922575 0.43952635 0.025586579 -0.19317867
ACCTA 0.45670888 -1.4695061 -0.51246405 -0.8952828 0.17660034
GTAAT 1.3151598 -0.9241834 0.6738246 0.837309 0.65572083
ACTAT 0.47071666 -1.7242621 -0.027281929 -0.25526887 0.47265708
GCGTT 0.3393798 -0.20481925 1.0852834 0.18506655 -0.6557535
TTTAA 0.9795226 -1.9304639 0.27544874 0.40952265 0.8391473
ATAGT 1.5439696 -0.51472515 0.66029483 0.9263823 0.41799867
CACTA 0.7088174 -1.2173927 -0.43707448 -0.45153084 0.006046253
TCGAC 0.31626904 -0.76986164 -0.16214621 -0.7483097 -0.36853033
CTAAG 0.7506433 -0.9959352 -0.0032467826 -0.1348684 0.4356015
CTAGA 0.6379382 -0.7636701 0.0420715 -0.42785493 0.5336963
CGGTT 0.46217456 -0.3200973 0.826775 0.24350503 -0.724747
TTCGT 0.66346 -0.7197768 0.81117874 0.6987928 -0.9940905
TTTCG 0.3366104 -0.9980497 0.6759249 0.3802988 -0.5386407
ACGAT 0.24033003 -0.8686444 -0.121573485 -1.0235348 0.29366663
TTAAG 1.116321 -1.0294212 0.42921653 0.3991187 0.92674613
CCGTT 0.47569308 -0.45346874 0.5399708 0.13588215 -1.0173203
TTTAC 0.6148336 -1.8901529 0.050579946 0.13213435 0.24542378
CGGTA 0.8747647 -0.013190719 0.5215617 0.1722923 -0.22362056
AATAC 1.0969782 -1.5582219 -0.42861125 -0.288167 0.7331454
TCGAA 0.63642514 -0.38634256 0.115510084 -0.3474157 0.09225012
TATAG 1.2579416 -0.9136705 0.48393515 0.66479176 0.65496075
ATTAT 1.2464105 -1.7812552 0.44520655 0.70383716 0.8566731
TTATC 1.1853325 -1.5442235 0.20512016 0.83144647 -0.12329485
CATTA 1.4162964 -1.355616 -0.03175044 0.56849504 0.43446884
TAGAC 0.687629 -0.7051271 -0.056573436 -0.4546608 0.46047992
TTCGA 0.25412112 -0.7993642 0.24146852 -0.30066532 -0.20978333
ACGAA 0.61478865 -0.5831107 -0.3361217 -1.3101833 0.6629008
ATCGC 0.9242887 -0.15176712 -0.10808238 -0.23699152 -0.84388965
TAGTC 1.4161037 -0.30729583 0.61106914 0.9530433 -0.3870571
CGATC 0.54768294 -0.5793751 -0.07444903 -0.41090333 -0.3973258
TTACC 0.60615796 -1.5890509 -0.22843923 -0.12869594 -0.11177757
TGTTA 0.64085245 -1.412855 0.85301006 0.6323242 0.44883704
GCGAA 0.43971747 -0.032851662 0.21014825 -1.111584 0.3300132
TAACA 1.3925624 -1.0992668 -0.42323968 -0.1306307 0.6969319
ATAAT 1.3494136 -1.5618038 0.21352449 0.4425646 1.0179353
GCTTA 0.40671852 -1.0791427 0.35239235 0.031121807 0.16856915
CGCGT 0.5234275 0.2843163 0.5843134 -0.6029354 -1.2401433
CGCAA 1.1336839 0.12537715 -0.3505721 -0.8167339 -0.15375511
AACGC 0.60508627 -0.37639692 -0.48179743 -1.2652934 -0.15454914
GACTA 0.20123643 -1.561679 -0.13161607 -0.89836085 0.59305215
TAAAT 1.5116726 -1.6210084 0.2403629 0.5031879 1.2084577
ATTAC 0.8434106 -1.7504822 -0.17315957 -0.044448704 0.52627325
ATTTA 1.2706397 -1.8782295 0.27206436 0.60777944 0.8337671
CAATT 1.2004665 -1.3479099 -0.107080966 0.30293095 0.37529075
CAATA 1.595621 -1.2293999 -0.3755936 0.24808201 0.5090457
TAGTA 1.6598761 -0.4553512 0.774355 0.9954312 0.6142102
AACGT 0.6380433 -0.4402862 0.04711419 -0.33183762 -0.044490453
AACGA 0.54994154 -0.7139899 -0.3639366 -1.3455725 0.62608236
CTTAC 0.52117294 -1.7489649 -0.2551753 -0.26393107 -0.035178814
CGAAC 0.3678664 -0.665769 -0.3637369 -1.238807 -0.04181282
GTAAC 0.9762298 -0.71353006 0.063185856 0.05795038 0.42819843
GTTAC 0.63036114 -1.2016171 0.2604699 0.21520588 0.2001522
GGTTA 0.8365524 -0.77911484 0.81513625 0.61593735 0.43584043
TCGTT 0.78495145 -0.73137593 0.91513747 0.89012486 -0.8441878
CTATT 0.4142719 -1.9861405 0.31052476 0.21415454 0.19255875
GTTTA 0.93624425 -1.2351358 0.7590937 0.7309716 0.5769506
TAACC 0.8229788 -1.2443674 -0.4017516 -0.3118963 0.16372524
GTCTA 0.7114222 -0.89814484 0.40036172 0.40667698 -0.18181595
TCGCG 0.5711258 0.16919017 0.5412323 -0.45226455 -1.5776197
ACGTT 0.43272755 -0.64183944 0.37794217 -0.002868 -0.27285424
TAACT 0.52503383 -1.7401987 -0.008191013 -0.113554925 0.3415806
AAACG 0.7958719 -0.5316043 -0.257206 -0.9517893 0.7209334
ATAAC 1.0879438 -1.6215906 -0.4479899 -0.28460717 0.7220752
GTACG 0.38394108 -0.35496014 0.33638155 -0.41862747 0.0014353596
TTATA 1.2167636 -1.7532223 0.34628832 0.6441363 0.7857581
TAGTT 1.2252725 -0.9124765 1.108347 1.1811578 0.3156692
CTTAA 0.70555425 -1.6986908 0.13818678 0.12759851 0.57717794
TTAGA 0.8887437 -1.0502257 0.40691867 0.129597 0.95907
ATTAG 1.3289882 -1.0553796 0.5158904 0.6614825 0.87960196
TCTAA 0.96394974 -1.6473482 -0.032686003 0.30434757 0.3704623
TAAGC 1.0218549 -0.48263538 0.01706006 -0.07886887 0.39801922
ACTAG 0.6737547 -0.9131435 -0.15317978 -0.40168655 0.3476295
TATAA 1.429786 -1.6551964 0.14298 0.4003455 1.168132
CGCGA 0.28160578 0.14518732 0.15638757 -1.7430141 -0.5058869
AGTTA 1.3111546 -0.8092272 0.50572044 0.6316458 0.6979715
AATTA 1.4003253 -1.7085965 0.18123582 0.39148816 1.2034392
TAATC 1.2477031 -1.3970675 0.033712078 0.6229958 0.09075232
GATTA 0.7700258 -1.3276463 0.50700325 0.17268232 1.0088599
ATTAA 1.4914864 -1.5015891 0.23040459 0.42519116 1.2409579
CTAGC 0.7451447 -0.5133885 -0.05431565 -0.19159947 -0.39215592
TTAAT 1.061445 -1.9985094 0.4049239 0.60679114 0.8131541
TCGTA 1.1227398 -0.15454417 0.536231 0.6501654 -0.5882578
CGTTT 0.39233482 -0.84106636 0.6994386 0.41429114 -0.6194379
TACGA 0.14958647 -1.104517 -0.13267705 -1.0332054 0.3811472
AACTA 0.80317914 -1.6045783 -0.458437 -0.6074618 0.7404364
TACTA 0.49306968 -1.857001 -0.17874022 -0.33657756 0.3908911
GTTAG 1.0288328 -0.44883633 0.97154427 0.6936548 0.4523151
CCTAA 0.66659236 -1.3612924 -0.3290177 -0.3521716 0.17734487
GTTAT 1.0444218 -1.1998489 0.94941926 1.0039562 0.39596525
GCTAA 0.5544036 -0.9971413 0.1214179 -0.30117562 0.59412104
CTAAA 0.94019556 -1.4641799 -0.09775159 -0.10750673 0.8445294
TAATT 1.2676136 -1.9416924 0.49655774 0.85707873 0.7272753
TTCGC 0.38818845 -0.60057443 0.34147713 -0.039481424 -1.110263
TTAGC 0.9480721 -0.6369347 0.3526556 0.4517456 0.030189455
TATTA 1.199255 -1.9085006 0.42635214 0.64910936 0.8967802
TTAGT 1.0765076 -0.94944376 1.0398573 0.971003 0.46391845
CGAAA 0.7734205 -0.56118727 -0.25539473 -0.88895094 0.65666455
TAATA 1.5380898 -1.4805068 0.21620592 0.6208819 0.9621465
TAGCG 1.1797038 0.35893872 0.5681118 0.21453801 -0.17412685
CTATA 0.9690867 -1.5312294 0.038605746 0.26153317 0.5383813
GCGTA 0.8773384 0.30475104 0.6882518 0.025542406 -0.22291191
TAAGT 1.3921411 -0.7227658 0.6862687 0.7799661 0.7183336
ATATA 1.4277546 -1.4993361 0.063820824 0.29214692 1.1052763
CGTAC 0.71657336 -0.32368872 -0.005187735 -0.23369142 -0.48317543
CTAGT 0.64338446 -0.66260684 0.5039325 0.29682422 -0.08798561
AATCG 0.993275 -0.2939571 0.13106541 0.06496351 0.10099333
ATTCG 0.7470992 -0.69352585 0.24227501 0.24070361 -0.17384607
TAAAC 1.0468726 -1.4699018 -0.3062847 -0.18400404 0.730894
TATAT 1.1458464 -1.6999505 0.4402534 0.6681871 0.7571839
CCGTA 1.0267092 0.04098886 0.21674795 0.09672529 -0.59313864
GTTAA 1.1453376 -0.9994203 0.5910575 0.58433044 0.8350551
TACGT 0.30821455 -0.78694016 0.3755365 -0.0941407 -0.20457084
GTATA 1.2992334 -0.93640953 0.5976699 0.7810194 0.6708639
TATCG 1.0304984 -0.41768298 0.3480764 0.4981234 -0.28299004
CTAAT 0.65676206 -1.7178246 0.14280573 0.13299148 0.5147434
ACTTA 0.5807628 -1.8390058 -0.11462323 -0.2650146 0.62638444
CTAAC 0.53955424 -1.5618212 -0.44970113 -0.5992382 0.12747706
TATAC 0.93750453 -1.6608114 -0.13538603 0.06431923 0.503285
TTAAC 0.644399 -1.7151442 -0.14317845 -0.18319845 0.48869312
CGAAT 0.57166725 -0.71345484 0.016322648 -0.39476475 0.34956464
ACGTA 0.8678401 -0.25928447 0.08098333 -0.17681837 0.065079525
CGATT 0.32834914 -1.03364 0.21690984 -0.12071134 -0.056713205
ATACG 0.57115984 -0.7826601 -0.051057387 -0.5271725 0.47867307
TACGC 0.34556752 -0.6196679 -0.21654895 -0.81995636 -0.4625114
CGCTA 0.05238924 -0.83692634 0.03764865 -0.7732157 -0.443395
ACTAA 0.91856104 -1.6603502 -0.38874525 -0.4489748 0.90002793
CGATA 0.5596656 -0.73923427 -0.029125566 -0.47493184 0.44814274
TTACG 0.27172834 -1.2924545 0.10213419 -0.29053295 0.2087749
TAACG 0.48215705 -0.851982 0.050619185 -0.43513 0.47104043
CGTAT 0.9357468 -0.44389945 0.5407681 0.56753904 -0.1438397
CGTAA 1.0951246 -0.2541938 0.18487442 0.22715725 0.06071579
CGTTA 0.75622594 -0.59289026 0.38757184 0.37770894 -0.18789639
