256 5
CTGG -0.5991103 -0.40678173 0.21231857 0.30947262 0.24464491
CAGG -0.41591194 -0.6651984 -0.15362155 0.5364153 0.31437546
GAGG 0.19313827 -0.41958007 0.2217648 1.1048743 0.39943987
TGGG -0.38353184 -0.15739974 0.43436038 0.49415356 0.13600701
GGGG -0.404464 -0.09805975 0.22619596 0.8054585 0.527938
GCTG -0.4695129 -0.3033379 0.42331353 0.5699729 0.65725243
GTGG -0.26517972 0.19243546 0.40474573 0.8512424 -0.01253309
CCAG -0.6060809 -0.7787309 -0.22344178 0.34048212 0.28782654
CCTG -0.80246127 -0.49300846 0.01867689 0.22430913 0.2927906
GGAG 0.12113657 -0.40241078 0.24696104 1.0989417 0.5290431
GCAG -0.26025975 -0.6383354 0.059951987 0.7262159 0.6636999
AGGG -0.10959155 -0.5125045 0.08804936 0.7804134 0.3553067
CAGC -0.6091136 -0.8275985 -0.19886087 0.40873894 0.5559435
GGTG -0.17797758 0.14720623 0.4882449 0.9221903 0.13007486
GGCC -0.79784495 -0.4125238 -0.13932504 0.5617639 0.7298365
CTGC -0.9061093 -0.5593623 0.10243259 0.17379424 0.5388077
GGGC -0.6165037 -0.26007584 0.07386417 0.71067744 0.75930566
AAGG 0.31862417 -1.09638 0.25599048 0.7529221 0.2481471
GAAG 0.46219096 -0.8543824 0.2609361 1.084051 0.32479194
ATGG 0.064444445 -0.45939592 0.1835922 0.6504061 -0.47027066
AGGA 0.3411338 -0.7613673 0.049327932 1.0846123 0.2825274
CTCC -1.2535051 -0.67243606 -0.1847165 -0.1379334 0.13636224
GCCC -0.9980861 -0.64286095 -0.3106156 0.40122715 0.7839104
TCTG -0.7429507 -0.3438077 0.4215451 0.014874743 -0.16944717
TTGG -0.3546555 -0.43027014 1.0519562 0.09226561 -0.04073053
GCGG -0.6661458 0.030742723 -0.14557895 1.1951592 0.9368852
CGGG -0.84150714 -0.007134002 -0.36092922 0.9114908 0.57511336
CCGG -1.048785 -0.20229557 -0.41422674 0.64197 0.55100113
GGCT -0.607535 -0.3159972 0.3784836 0.3767521 0.49855056
AGAG 0.30062947 -0.74333715 0.0720299 1.062943 0.29459277
TGGA 0.053305026 -0.44434014 0.32339334 0.7230156 0.015242025
TCCT -1.098291 -0.51536614 0.23549491 -0.25448993 -0.16203365
CCCA -0.74165326 -0.9784828 -0.43405524 0.2319605 0.229676
TGTG -0.3070216 0.043020487 0.6095747 0.53342694 -0.23724747
CCTC -1.3234463 -0.62160504 -0.21615715 -0.15924785 0.08691844
CCCC -1.1616354 -0.8627308 -0.53532124 0.1928329 0.5503675
TGGC -0.5834436 -0.25826007 0.2614667 0.4269214 0.33779302
TCAG -0.536369 -0.6700183 0.14188166 0.12069084 -0.11504332
GATG 0.28606173 -0.26282203 0.27722234 1.0200315 -0.3354762
TGAG 0.11629529 -0.41852805 0.5136046 0.7598202 0.10461827
ACAG -0.065400764 -0.85592765 -0.47400638 0.76763165 -0.23179002
GCCA -0.49363932 -0.8087165 -0.27381563 0.48256776 0.369729
TCCA -0.79666346 -0.73075175 -0.14605366 -0.014108096 -0.25759324
GAGC -0.22946432 -0.55127597 0.04683474 0.84722686 0.7017825
AGCT -0.40351135 -0.7178572 0.27893084 0.31583023 0.43126658
AGCA -0.11986913 -0.95627207 -0.12845124 0.6411299 0.34678715
CAGA 0.04438458 -0.94265664 -0.15695846 0.70060873 0.047257137
AGCC -0.56957936 -0.81274736 -0.2517242 0.50391865 0.5958608
AGGC -0.3074475 -0.6085296 -0.011405595 0.72325253 0.6390714
CCAC -0.90429497 -0.8603701 -0.8427947 0.3303786 -0.1143449
GGCA -0.24765848 -0.5895426 0.0040157414 0.6752764 0.41440883
TGCT -0.6567558 -0.40111798 0.5790042 0.10628363 0.248621
GGGA 0.009328741 -0.4047005 0.089296676 0.91301167 0.2278992
GCCT -0.83966446 -0.48616862 0.13752712 0.18980858 0.43386495
GCTC -1.013549 -0.46755496 0.04642281 0.10161315 0.3752142
CCCT -1.0836099 -0.6319736 -0.09897798 -0.0024640877 0.26058146
CTTC -1.1404945 -0.7307448 0.29275376 -0.40880093 -0.18083134
CTGA -0.17743312 -0.59035206 0.18099597 0.5128257 0.06958828
CTGT -0.6333629 -0.03714159 0.3904622 0.2553212 -0.35983065
CACC -0.8942742 -0.87168276 -0.76952726 0.2871803 -0.129964
TGGT -0.34884757 0.13908866 0.6291879 0.55146515 -0.22970116
GAGA 0.43223092 -0.72042805 0.009759754 1.1807034 0.06558915
CTCT -1.1155037 -0.50978 0.26328963 -0.28039312 -0.15458952
CTTG -0.6351906 -0.52971387 0.77067316 -0.06335382 0.071080506
TGCA -0.39006928 -0.6463519 0.13940161 0.37229702 0.20904824
TGCC -0.84075516 -0.5369785 0.029437963 0.21063933 0.3959366
ACTG -0.34891677 -0.613767 -0.1160882 0.37005726 -0.3716222
GGAA 0.344654 -0.9344486 0.2396667 0.8349521 0.19415869
CACA -0.42276198 -0.99476546 -0.69892204 0.50450337 -0.26703
GGCG -0.65884787 0.15011755 -0.17850462 1.3013396 0.8998393
AGAA 0.5343654 -1.2888861 0.14055249 0.9085807 0.0469465
AGTG 0.08334652 -0.24807036 0.34348375 0.8329865 -0.14541237
CATG -0.27334687 -0.5242568 -0.07991245 0.45408475 -0.47183883
GCCG -0.9678669 -0.059299923 -0.42023802 0.9632157 0.7968251
CAAG -0.005740859 -1.3134673 -0.0053012334 0.480889 0.25397822
TCCC -1.1728743 -0.5877186 -0.16105612 -0.092505336 0.022169737
AAGA 0.62422097 -1.2518158 0.16932462 0.99375063 0.0412475
CTCA -0.7546543 -0.86449337 -0.100437865 -0.04810496 -0.16368322
TTCT -0.9227965 -0.64556605 0.7660993 -0.4589641 -0.43976018
CATC -0.9145158 -0.71514374 -0.3908161 -0.05430903 -0.73795044
CCCG -1.1996408 -0.3115289 -0.6484219 0.60803884 0.5575929
ACCA -0.41531757 -0.99452245 -0.70347196 0.47806382 -0.36415043
GGAC -0.2299166 -0.45011872 -0.49378914 0.9081336 -0.065447085
AGGT -0.10825306 -0.1034245 0.34130597 0.7328273 -0.15632214
TCTC -1.2417827 -0.46769413 0.10817493 -0.3267068 -0.42694435
GTCC -0.966386 0.0019038056 -0.09468922 0.30236313 -0.22267976
GGGT -0.3972336 0.1203825 0.39595914 0.6653431 -0.012575151
TTCC -0.9752153 -0.72656876 0.37904844 -0.32207212 -0.11127662
GGTC -0.75453293 0.06276829 0.082790844 0.40102303 -0.25221086
GTGC -0.57624024 -0.02661849 0.25882643 0.5954785 0.27352467
CGGC -1.012629 -0.089468084 -0.45699498 0.93209046 0.8306429
CAGT -0.30610013 -0.37413672 0.08119128 0.4514888 -0.33340567
TCGG -0.95784867 0.17046794 -0.08166726 0.45350268 -0.18617053
GACC -0.44776842 -0.6042833 -0.60715324 0.6989352 -0.07112199
CCTT -0.9706823 -0.7534106 0.42382538 -0.33426285 -0.03268055
GTGA 0.16712213 -0.14916939 0.26432613 0.9867879 -0.28474
GACA 0.056640934 -0.7225346 -0.4868116 0.9555099 -0.29448563
TCTT -0.9513084 -0.60988146 0.7684879 -0.4658683 -0.51677823
GCAC -0.6084468 -0.6216025 -0.5684918 0.60284716 0.12840538
ACCT -0.6719917 -0.70969975 -0.32107162 0.18442316 -0.32203227
CCAT -0.6724659 -0.7195481 -0.19935003 0.05436003 -0.5139265
AAAG 0.5099706 -1.5096538 0.40785095 0.63839775 0.048481345
TGTC -0.7893831 0.051030185 0.29544157 0.17982596 -0.58331645
TGAA 0.35249084 -0.9740185 0.49790153 0.60507154 -0.14558288
CACT -0.789352 -0.7258133 -0.29928067 0.04126684 -0.42417294
ACGG -0.39196625 -0.2394266 -0.842603 1.1386557 -0.16514614
GTGT -0.37966993 0.33862492 0.5497525 0.6378428 -0.49945924
ATGA 0.41627583 -0.6421121 0.16071047 0.9024393 -0.58054495
TGAC -0.21521957 -0.35549954 -0.26162 0.723229 -0.439125
CCGC -1.3769608 -0.25472155 -0.69498736 0.637605 0.6705711
TTTG -0.24885368 -0.6826585 1.2943331 -0.08230348 -0.28236327
CGTG -0.7643215 0.43020362 -0.22582984 0.95492196 -0.10520102
GGAT 0.076173104 -0.32053512 0.31305662 0.7087735 -0.37039074
GTCA -0.50657207 -0.2796602 -0.07134082 0.36093533 -0.5718302
GTTG -0.19890511 0.04046216 1.0636773 0.5215938 -0.18398021
TTCA -0.5901473 -0.91926503 0.35014194 -0.22652225 -0.510362
CCAA -0.31148252 -1.4867582 -0.2087527 0.18651018 0.11817999
ACCC -0.7514366 -0.9415349 -0.81842375 0.40944788 -0.024916807
GTCT -0.84369713 0.07050491 0.33432618 0.15343903 -0.48495737
AGAT 0.30637863 -0.6754664 0.22692335 0.74239236 -0.5221958
TCAC -0.78117585 -0.6799985 -0.4133075 0.09330272 -0.5923129
GCTT -0.7196961 -0.6241072 0.753802 -0.12192451 0.28072894
AAGC -0.016909627 -1.1562725 0.14486304 0.5444116 0.52987546
CGCC -1.4190273 -0.22665687 -0.7720427 0.6456997 0.5852264
AGAC 0.051505562 -0.7990388 -0.5027504 0.93542314 -0.22040871
AGCG -0.38882807 -0.25773257 -0.28059262 1.088565 0.6162794
CGAG -0.2756433 -0.1630862 -0.55059665 1.2939761 0.26639214
ATCT -0.62710303 -0.6624884 0.15731339 -0.1155511 -0.82237446
TCAT -0.65667516 -0.6433525 0.07699638 -0.115631305 -1.0187461
CTCG -1.2566766 0.046640236 -0.31007966 0.33425263 -0.042419158
CACG -0.71352935 -0.26127586 -0.9801934 0.9468273 -0.16657755
TGAT 0.12937368 -0.39014387 0.54195297 0.54497343 -0.7181166
GAGT 0.023551848 -0.07070558 0.3647043 0.8687003 -0.24621496
ATCC -0.67552793 -0.81279826 -0.26394266 0.020356406 -0.5797684
GCGC -1.0514625 -0.08086054 -0.46478415 1.0363678 0.955473
GAAA 0.61497813 -1.4973733 0.36597404 0.7379759 -0.09493781
ACAC -0.43878803 -0.89620423 -0.94369817 0.6351883 -0.5452589
CTTT -0.69673294 -0.8686552 0.9715835 -0.43065983 -0.2712425
AATG 0.38176665 -1.0209625 0.49544805 0.5404476 -0.4960691
ATCA -0.30472952 -1.0266328 -0.20406176 0.13508974 -0.8728749
TAGG 0.011921554 -0.07163317 0.26561606 0.73043835 -0.8725122
GTTC -0.72075707 -0.24664274 0.579951 -0.0032115527 -0.33518812
GACT -0.29536176 -0.47831357 -0.08104314 0.46374193 -0.4052008
TCCG -1.1091498 -0.08759997 -0.25789732 0.31178972 -0.021883363
TTTC -0.7713663 -0.81442916 0.8722795 -0.45663536 -0.42997798
GAAC -0.01008401 -1.0908484 -0.3147833 0.6422897 -0.096535735
CAAA 0.089219786 -1.7680275 0.115567215 0.23535256 -0.053801667
ATGT 0.01046883 -0.22895312 0.47856104 0.52860135 -0.89836437
GCAT -0.36128238 -0.53492457 0.12584461 0.27455017 -0.36544913
ACTC -0.777204 -0.7519019 -0.4138078 0.09171993 -0.45935917
TGTT -0.3971324 -0.17399988 1.1091845 0.089706555 -0.54055125
TGCG -0.7182709 0.044564024 0.021381496 0.8014906 0.5066312
TTGA 0.0468184 -0.6513096 0.843373 0.29891074 -0.36005795
AGTC -0.38420856 -0.2813061 0.03451621 0.45131764 -0.42504686
GGTT -0.3630226 -0.11311193 0.9599454 0.2623384 -0.20539655
GTAG 0.099157155 0.22124171 0.19288796 1.1173109 -0.78474855
ACAT -0.20489402 -0.8687097 -0.3413163 0.36631575 -0.9668787
ATGC -0.14364083 -0.5653912 0.1022678 0.51861703 -0.19379158
AACA 0.10125235 -1.5611509 -0.41270512 0.56249267 -0.3458159
GCAA 0.05684541 -1.361756 0.12213354 0.46347344 0.3045267
CGCT -1.1285295 -0.09257349 -0.26280397 0.48869276 0.41512308
TTGT -0.45429316 -0.14479539 1.0558103 0.06365861 -0.60865855
GATC -0.28227323 -0.47400376 -0.01258397 0.38953146 -0.6234787
ACAA 0.16804962 -1.5244353 -0.33062425 0.56230676 -0.40896878
AAAA 0.61098117 -1.975075 0.42982754 0.521573 -0.30815852
GACG -0.20925151 -0.01141701 -0.77164185 1.4673529 -0.14466707
AAGT 0.33252814 -0.69958746 0.5034642 0.66429305 -0.35916108
TTTT -0.37919846 -0.92408675 1.422648 -0.37104255 -0.61747825
TTGC -0.5555804 -0.636261 0.7986103 -0.04593259 0.19549488
TCAA -0.2123496 -1.3530048 0.1373254 0.0139950765 -0.36675093
CGGA -0.27923357 -0.21984106 -0.33744574 1.0402778 0.21661516
CAAC -0.41553542 -1.476568 -0.62125176 0.2838643 -0.22676963
CATT -0.45961604 -0.8832888 0.45999584 -0.20188034 -0.75179553
CCGA -0.51209295 -0.34626025 -0.6921285 1.0038567 0.20020846
ACTT -0.4969725 -0.85955036 0.36761674 -0.15735011 -0.6074215
AGTT -0.03658384 -0.51046234 0.86392653 0.2750505 -0.37533557
ATTG -0.04921144 -0.68843305 0.7821127 0.15411668 -0.5956684
AACT -0.17727189 -1.254513 0.0690714 0.10306124 -0.39200747
CGCA -0.7443043 -0.41323805 -0.66402006 0.82523453 0.3856353
AACC -0.31822687 -1.32968 -0.46898165 0.33553192 -0.15819666
CGCG -1.2124553 0.2614245 -0.78888553 1.3477566 0.7668561
TGTA -0.042226493 -0.080871455 0.29341215 0.621602 -1.1765999
GTTT -0.307551 -0.4007893 1.2516247 0.009349118 -0.45636606
GAAT 0.3043389 -0.9873105 0.50606155 0.43186128 -0.5228914
CCGT -1.0620686 0.28193882 -0.29763418 0.59828335 -0.15796435
TACA -0.15260229 -0.71739155 -0.4371107 0.50891143 -1.166689
GTCG -0.8477238 0.5794449 -0.16152951 0.868438 -0.35414457
ACCG -0.69236547 -0.31773928 -0.8828445 0.84576565 -0.14926405
CGGT -0.6277898 0.354627 -0.060983088 0.84183973 -0.16698308
TATG 0.0012575602 -0.34829995 0.37167084 0.44339237 -1.1991589
AAAT 0.44588327 -1.590469 0.56191015 0.28819343 -0.7765496
CTAC -0.72328377 -0.5155225 -0.72091645 0.32019857 -1.1082599
GGTA 0.01261772 0.02382641 0.106581375 0.88566166 -0.8163008
ATTC -0.41918796 -0.956863 0.45492268 -0.20230408 -0.7357701
CGTC -1.3250018 0.335459 -0.54355556 0.5213708 -0.39329904
ATTT -0.09576542 -1.0862383 1.0640638 -0.18356465 -0.8861918
AAAC 0.1143301 -1.6990325 -0.15408741 0.37713125 -0.30790797
GTAC -0.28554165 -0.10349445 -0.4205869 0.75758654 -1.0979806
GCGT -0.7387341 0.46983027 -0.054560013 0.9859183 0.060922775
CAAT -0.048066948 -1.3212907 0.23335916 0.07939359 -0.5643333
AGTA 0.35754928 -0.36222064 0.094605826 0.96739113 -1.0779991
GATT 0.06643453 -0.70400625 0.84385353 0.21156251 -0.6379458
TACT -0.4575969 -0.47120622 -0.0661005 0.15847498 -1.3316936
GCGA -0.14528716 -0.17805588 -0.46026868 1.3980247 0.3680905
ATAG 0.2985533 -0.5333955 0.09784302 0.77730256 -1.1031876
TACC -0.57924616 -0.5357568 -0.54622096 0.32253164 -1.0156608
AATC -0.1487398 -1.2316902 0.14689635 0.039707936 -0.6991769
CATA -0.12041312 -0.74481547 -0.18184048 0.39168313 -1.2484796
TAGA 0.4341458 -0.4455225 0.13072987 1.0075687 -0.84613466
ACGC -0.7182885 -0.3252603 -1.0148691 1.0336405 0.07624909
CGAC -0.65521276 -0.2633262 -1.0780681 1.0283908 -0.29049462
TCGT -1.1440588 0.50304514 -0.03545548 0.36247826 -0.8457748
ACGA -0.014839989 -0.40119323 -0.94313675 1.397143 -0.4469335
TCTA -0.6338555 -0.5244449 -0.03521583 -0.030281372 -1.3349692
TCGC -1.3488964 0.1099108 -0.40168032 0.38739672 -0.04563412
TTCG -0.95010704 0.036719806 0.26752257 0.13780521 -0.36386508
ACGT -0.5333738 0.16973448 -0.590845 0.94192755 -0.6955656
GATA 0.4457955 -0.6513936 0.13164042 0.8474735 -1.0956826
CTAT -0.41353896 -0.5384562 0.06287902 0.11409911 -1.3212074
TAAG 0.41760555 -0.85965353 0.46595064 0.58055645 -0.80962396
ATCG -0.60005265 -0.0098718 -0.4276515 0.58550423 -0.8483884
AATT 0.15288058 -1.5015793 0.93154633 -0.09746308 -0.79448205
TAGC -0.10766895 -0.26785517 0.13902189 0.6042624 -0.58580047
CCTA -0.54593545 -0.5643305 -0.362735 0.244599 -0.8895325
GCTA -0.26013842 -0.48218566 -0.11244415 0.4405847 -0.6710562
TCGA -0.4919223 0.009149424 -0.36545226 0.7603911 -0.5209988
TATC -0.54023963 -0.548429 0.014944972 0.0060504344 -1.4067872
AACG -0.03168178 -0.8070579 -0.7135975 1.0113258 -0.23778571
GTAT -0.04872001 -0.15378296 0.3655098 0.5164472 -1.3525296
ATAT 0.12541454 -0.8404761 0.33473596 0.3246165 -1.5545251
CTAG -0.24330097 -0.34464547 -0.054980345 0.4822114 -0.79684764
ATAA 0.5184982 -1.3856794 0.28435707 0.51911134 -1.2643093
CGAA 0.01683278 -0.65188897 -0.44609317 1.0051277 -0.09578573
TATT -0.090453476 -0.745125 0.8728987 -0.010431811 -1.4575055
TAAA 0.52459025 -1.4686451 0.60444015 0.37442136 -0.95776075
CGAT -0.22732316 -0.01195013 -0.40947816 0.9760838 -0.6492416
AATA 0.49287137 -1.4583791 0.2357736 0.48655108 -1.3368742
ATAC -0.10141331 -0.7992067 -0.42329264 0.48927227 -1.3531493
TTAT -0.14771405 -0.81283236 0.8481281 -0.096014224 -1.4561023
TTTA -0.043721873 -1.0215709 0.99365735 -0.12349078 -1.1774424
GTAA 0.47903612 -0.70091695 0.3775908 0.7567274 -1.0348343
TAGT 0.04787073 0.049553707 0.46916652 0.7348505 -1.2290487
TTAG 0.07462486 -0.493724 0.8419211 0.2924031 -0.91250116
CTTA -0.32964772 -0.8279516 0.5088823 -0.12740214 -0.9731115
CGTT -0.8073207 0.27379933 0.36491418 0.35208747 -0.45641065
TTAC -0.38433695 -0.72607416 0.158453 -0.021498548 -1.3452702
ACTA -0.20258774 -0.8182977 -0.42495754 0.40039018 -1.3781652
TAAT 0.26682475 -1.0375366 0.586317 0.2525049 -1.4518036
TTAA 0.28567636 -1.3828613 0.9164677 0.049289845 -0.9661873
ATTA 0.2062038 -1.1241459 0.5867569 0.17198774 -1.481876
TACG -0.43606603 -0.018151639 -0.76378506 0.90006125 -1.084611
GTTA 0.050908346 -0.4289701 0.6805753 0.3435236 -1.127635
TATA 0.16257235 -0.7934989 0.27418023 0.41422227 -1.7762338
CTAA -0.016354531 -1.1590027 0.1520252 0.15521698 -0.88570124
TAAC 0.019407952 -1.1013441 -0.11213831 0.325463 -1.1207238
CGTA -0.38365903 0.2880071 -0.4116572 0.9774365 -1.0459266
