16 5
GG -0.35128486 0.7232673 -0.036306497 -0.04161643 -0.02869183
TG -0.1556037 0.6491472 0.022624599 -0.43731564 0.3092117
AG -0.28307375 0.63245374 -0.036870338 -0.18387875 -0.5022167
CC -0.8489472 0.22640453 -0.22833216 -0.29915303 -0.0040793926
GC -0.67026633 0.5682861 -0.12236452 0.06142367 -0.014249706
CA -0.36168048 0.36849484 -0.3900016 -0.61056674 -0.18044922
CT -0.66380537 0.29152888 0.28968453 -0.34935364 0.12794426
GA -0.01597598 0.7614894 -0.18873891 -0.34483403 -0.28223267
TC -0.53751135 0.23166163 0.119175814 -0.63308144 0.23510969
GT -0.35927054 0.64875335 0.5359676 -0.08679158 0.023667613
AC -0.5856092 0.27959332 0.035694197 -0.3942595 -0.4806735
CG -0.70094687 0.55478203 -0.3743452 -0.0011934573 0.1727016
AA 0.040077724 0.53274375 0.097933374 -0.6821381 -0.7470084
TT -0.26423314 0.34881654 0.70981735 -0.73507786 0.28894114
AT -0.3641096 0.37442955 0.6868441 -0.4227788 -0.5230005
TA 0.14442432 0.50270605 0.16963291 -0.9755972 0.023753656
